2025   01      13.88
2025   02      19.04
2025   03      39.09
2025   04      35.58
2025   05       5.14
2025   06       2.00
2025   07       7.61
2025   08      33.43
2025   09      24.02
2025   10       9.26
2025   11       6.02
2025   12       8.56
2026   01      17.75
2026   02      17.90
2026   03      17.21
2026   04      29.01
2026   05      17.30
2026   06       4.25
2026   07       8.61
2026   08      12.35
2026   09      11.27
2026   10       2.24
2026   11       1.24
2026   12       1.80
2027   01       9.88
2027   02      14.99
2027   03      22.03
2027   04      20.76
2027   05       3.74
2027   06       7.86
2027   07      13.63
2027   08      16.61
2027   09       7.86
2027   10       3.13
2027   11       5.78
2027   12       8.34
2028   01      20.82
2028   02      18.88
2028   03      42.55
2028   04      25.08
2028   05       7.40
2028   06       4.55
2028   07      12.00
2028   08      16.26
2028   09       5.45
2028   10       4.59
2028   11       3.48
2028   12      14.33
2029   01      20.37
2029   02      16.03
2029   03      19.41
2029   04      15.20
2029   05       3.82
2029   06       9.94
2029   07      23.16
2029   08      25.49
2029   09       7.30
2029   10       5.83
2029   11       1.30
2029   12       8.97
2030   01       4.66
2030   02       5.64
2030   03      26.36
2030   04      20.49
2030   05       4.84
2030   06      11.87
2030   07      17.81
2030   08      28.30
2030   09       7.85
2030   10       3.07
2030   11       5.21
2030   12      13.97
2031   01      15.75
2031   02      24.98
2031   03      39.09
2031   04      18.88
2031   05      17.91
2031   06      11.03
2031   07      16.79
2031   08       7.24
2031   09       4.65
2031   10       9.73
2031   11       6.16
2031   12      10.18
2032   01      11.00
2032   02      16.01
2032   03      27.11
2032   04       9.88
2032   05       4.16
2032   06      19.31
2032   07      16.07
2032   08       9.98
2032   09       2.92
2032   10       5.29
2032   11       8.65
2032   12      11.48
2033   01      15.10
2033   02      28.16
2033   03      20.05
2033   04      13.71
2033   05       6.96
2033   06      17.27
2033   07      28.52
2033   08       8.32
2033   09       8.66
2033   10       7.94
2033   11      16.96
2033   12      21.25
2034   01      19.87
2034   02      29.57
2034   03      16.46
2034   04       4.48
2034   05       6.28
2034   06      27.19
2034   07      21.15
2034   08       5.16
2034   09       3.76
2034   10       1.94
2034   11       5.76
2034   12      11.46
2035   01      11.56
2035   02      19.43
2035   03      25.07
2035   04       9.50
2035   05       5.42
2035   06      10.09
2035   07      11.07
2035   08       2.39
2035   09       1.91
2035   10       0.56
2035   11       4.00
2035   12      13.79
2036   01      19.26
2036   02      31.44
2036   03      15.09
2036   04       4.87
2036   05      12.15
2036   06      37.71
2036   07      14.73
2036   08      11.20
2036   09       8.15
2036   10       2.82
2036   11      10.15
2036   12      18.84
2037   01      27.74
2037   02      25.15
2037   03       3.78
2037   04       4.04
2037   05      10.62
2037   06      19.38
2037   07       8.77
2037   08       6.71
2037   09       7.42
2037   10       8.24
2037   11      18.41
2037   12      18.44
2038   01      28.34
2038   02      27.11
2038   03       6.06
2038   04       8.34
2038   05      10.00
2038   06       8.06
2038   07       3.62
2038   08       1.52
2038   09       0.24
2038   10       1.75
2038   11       7.68
2038   12      13.26
2039   01      17.72
2039   02      30.84
2039   03      44.26
2039   04      40.28
2039   05      44.25
2039   06      13.03
2039   07       8.21
2039   08       8.44
2039   09       4.25
2039   10       2.39
2039   11       9.69
2039   12      13.60
2040   01      34.84
2040   02      12.52
2040   03       2.72
2040   04       5.15
2040   05       9.26
2040   06       4.82
2040   07       3.79
2040   08       3.89
2040   09       2.25
2040   10       6.34
2040   11       9.07
2040   12      16.50
2041   01      29.67
2041   02      30.41
2041   03      10.99
2041   04      12.07
2041   05      25.57
2041   06      15.64
2041   07       8.55
2041   08       7.70
2041   09       8.28
2041   10      11.53
2041   11      18.56
2041   12      44.20
2042   01      47.52
2042   02      12.03
2042   03       3.47
2042   04       5.54
2042   05      22.12
2042   06      12.08
2042   07       5.28
2042   08       7.25
2042   09       7.04
2042   10      16.70
2042   11      19.22
2042   12      33.88
2043   01      23.46
2043   02       3.24
2043   03       3.53
2043   04       6.16
2043   05      19.27
2043   06       5.35
2043   07       7.83
2043   08       3.01
2043   09      11.69
2043   10      27.78
2043   11      27.61
2043   12      12.51
2044   01      21.44
2044   02      16.43
2044   03       8.82
2044   04      14.42
2044   05      14.01
2044   06       5.61
2044   07       3.65
2044   08      11.01
2044   09      10.30
2044   10      16.66
2044   11      16.65
2044   12      17.57
2045   01      12.35
2045   02       3.08
2045   03       8.89
2045   04      11.42
2045   05      19.56
2045   06       5.13
2045   07       2.81
2045   08      12.20
2045   09      14.97
2045   10      22.24
2045   11      16.92
2045   12      24.21
2046   01      11.74
2046   02       3.38
2046   03       7.88
2046   04      16.18
2046   05      13.24
2046   06       4.55
2046   07       9.33
2046   08      11.62
2046   09      11.36
2046   10      18.83
2046   11      20.76
2046   12      36.73
2047   01       8.15
2047   02       0.96
2047   03       6.21
2047   04      13.75
2047   05       7.02
2047   06       4.08
2047   07       2.08
2047   08       1.55
2047   09       1.67
2047   10      10.71
2047   11      31.40
2047   12      42.56
2048   01      11.29
2048   02       5.40
2048   03       9.30
2048   04      16.46
2048   05       9.58
2048   06       6.29
2048   07       3.53
2048   08       0.86
2048   09       4.97
2048   10       7.56
2048   11      15.99
2048   12      40.31
2049   01       6.37
2049   02       3.69
2049   03      11.94
2049   04      23.58
2049   05       7.18
2049   06       2.50
2049   07       0.68
2049   08       3.12
2049   09      17.65
2049   10      20.99
2049   11      31.00
2049   12      40.93
2050   01      16.74
2050   02       8.62
2050   03      16.54
2050   04      11.48
2050   05       8.76
2050   06      12.14
2050   07      14.56
2050   08      20.77
2050   09      18.55
2050   10      19.15
2050   11      28.64
2050   12      34.31
2051   01       7.84
2051   02       5.46
2051   03      25.86
2051   04      17.24
2051   05       7.07
2051   06       3.92
2051   07       5.84
2051   08      16.23
2051   09      17.18
2051   10      23.75
2051   11      18.15
2051   12       8.71
2052   01       4.21
2052   02      12.41
2052   03      43.10
2052   04      18.94
2052   05       5.28
2052   06       1.76
2052   07       5.20
2052   08       7.32
2052   09       9.30
2052   10      14.29
2052   11      19.44
2052   12      21.36
2053   01       5.32
2053   02      13.00
2053   03      20.00
2053   04       8.42
2053   05       2.08
2053   06       1.43
2053   07       6.96
2053   08      19.32
2053   09      16.22
2053   10      13.77
2053   11      32.96
2053   12      39.62
2054   01      11.98
2054   02      11.91
2054   03      14.66
2054   04       6.40
2054   05       4.13
2054   06       2.61
2054   07       4.95
2054   08      14.85
2054   09      25.35
2054   10      16.61
2054   11      20.62
2054   12       4.13
2055   01       3.20
2055   02      18.09
2055   03      25.95
2055   04       7.56
2055   05       3.52
2055   06       3.21
2055   07       9.66
2055   08      12.67
2055   09      19.55
2055   10      26.10
2055   11      27.74
2055   12       5.48
2056   01       7.86
2056   02      22.38
2056   03      13.56
2056   04      12.25
2056   05      10.33
2056   06      12.98
2056   07       8.65
2056   08      23.40
2056   09      20.18
2056   10      14.23
2056   11      10.28
2056   12       2.56
2057   01       9.31
2057   02      18.72
2057   03      14.14
2057   04       9.81
2057   05       4.41
2057   06       6.49
2057   07      10.07
2057   08      21.76
2057   09      19.62
2057   10      34.52
2057   11      24.86
2057   12       5.83
2058   01       7.34
2058   02      20.89
2058   03      11.49
2058   04       8.04
2058   05       8.64
2058   06       6.12
2058   07      15.29
2058   08      19.54
2058   09      30.51
2058   10      24.17
2058   11      12.28
2058   12       2.04
2059   01       8.37
2059   02      17.35
2059   03      11.22
2059   04       7.36
2059   05       6.18
2059   06      10.06
2059   07       9.31
2059   08      17.98
2059   09      37.67
2059   10      26.98
2059   11       5.74
2059   12       2.70
2060   01       8.33
2060   02      14.53
2060   03       4.38
2060   04       1.19
2060   05       4.18
2060   06       3.60
2060   07       6.36
2060   08      26.82
2060   09      25.11
2060   10      56.05
2060   11      16.56
2060   12      12.35
2061   01      18.38
2061   02      10.50
2061   03       5.53
2061   04       1.45
2061   05       2.10
2061   06       3.70
2061   07      12.36
2061   08      11.31
2061   09      12.76
2061   10      27.34
2061   11      18.60
2061   12      14.80
2062   01      15.17
2062   02      10.76
2062   03       6.62
2062   04       5.13
2062   05       2.93
2062   06       6.16
2062   07      10.61
2062   08      13.46
2062   09      16.52
2062   10      29.28
2062   11      19.01
2062   12      13.03
2063   01      25.22
2063   02      16.13
2063   03      22.25
2063   04       7.38
2063   05       9.03
2063   06       7.65
2063   07      14.93
2063   08      42.03
2063   09      45.37
2063   10      10.03
2063   11       4.18
2063   12       8.49
2064   01      20.42
2064   02      11.92
2064   03       5.63
2064   04      11.13
2064   05      13.75
2064   06      15.67
2064   07      20.35
2064   08      16.85
2064   09      18.30
2064   10      13.94
2064   11       6.79
2064   12      12.95
2065   01      31.06
2065   02       8.34
2065   03       7.00
2065   04      11.26
2065   05       9.22
2065   06      11.12
2065   07       9.02
2065   08      18.14
2065   09      15.05
2065   10      16.93
2065   11       6.64
2065   12      15.69
2066   01      20.85
2066   02       8.25
2066   03       3.46
2066   04       3.22
2066   05       5.48
2066   06      10.89
2066   07      18.98
2066   08      32.22
2066   09      33.53
2066   10       9.36
2066   11       5.60
2066   12      27.11
2067   01      50.01
2067   02       7.50
2067   03       2.91
2067   04       5.78
2067   05      11.35
2067   06      14.85
2067   07      22.26
2067   08      20.96
2067   09      21.98
2067   10       7.25
2067   11       8.35
2067   12      23.51
2068   01      11.47
2068   02       2.62
2068   03       1.48
2068   04       3.45
2068   05       4.04
2068   06      24.18
2068   07      20.75
2068   08      35.81
2068   09      19.67
2068   10       6.36
2068   11       8.93
2068   12      15.56
2069   01      18.52
2069   02       7.22
2069   03       7.20
2069   04       6.35
2069   05      13.69
2069   06      18.51
2069   07      19.26
2069   08      43.82
2069   09      10.83
2069   10       3.84
2069   11       8.54
2069   12      23.30
2070   01       8.52
2070   02       5.82
2070   03       7.92
2070   04       5.53
2070   05      17.22
2070   06      18.52
2070   07      29.70
2070   08      30.15
2070   09      14.13
2070   10       4.53
2070   11      10.07
2070   12      25.60
2071   01      17.51
2071   02       4.98
2071   03       1.67
2071   04       1.87
2071   05       3.81
2071   06      12.60
2071   07      43.70
2071   08      43.37
2071   09      17.71
2071   10      10.27
2071   11      12.66
2071   12      35.92
2072   01      12.16
2072   02       2.35
2072   03       3.87
2072   04       5.21
2072   05       9.61
2072   06      13.75
2072   07      23.55
2072   08      24.98
2072   09       8.54
2072   10      10.59
2072   11      15.42
2072   12      16.13
2073   01      16.32
2073   02      10.80
2073   03       5.09
2073   04      10.52
2073   05      10.61
2073   06      20.80
2073   07      32.21
2073   08      33.07
2073   09       8.75
2073   10       5.46
2073   11      18.91
2073   12      15.79
2074   01       9.97
2074   02       4.33
2074   03       3.67
2074   04      13.39
2074   05      17.91
2074   06      23.12
2074   07      40.16
2074   08      16.15
2074   09       4.43
2074   10       8.08
2074   11      15.69
2074   12       9.91
2075   01       7.19
2075   02       4.03
2075   03      14.42
2075   04      17.88
2075   05      28.97
2075   06      35.32
2075   07      41.50
2075   08       8.77
2075   09       1.85
2075   10       5.94
2075   11      19.96
2075   12      12.82
2076   01       4.27
2076   02       8.57
2076   03      10.79
2076   04       9.70
2076   05      10.46
2076   06      12.51
2076   07      18.41
2076   08      15.09
2076   09       4.42
2076   10       9.24
2076   11      18.04
2076   12      18.86
2077   01       9.75
2077   02       5.55
2077   03      12.13
2077   04      14.32
2077   05      20.17
2077   06      22.21
2077   07      30.32
2077   08       4.35
2077   09       4.64
2077   10       7.89
2077   11      28.63
2077   12      14.35
2078   01       7.67
2078   02       9.30
2078   03      11.16
2078   04      14.52
2078   05      17.89
2078   06      20.19
2078   07      33.70
2078   08      13.19
2078   09       4.52
2078   10      12.07
2078   11      14.77
2078   12       4.33
2079   01       4.84
2079   02      10.34
2079   03      19.86
2079   04      12.91
2079   05      15.15
2079   06      16.78
2079   07      18.73
2079   08       3.09
2079   09       5.48
2079   10      16.15
2079   11       8.05
2079   12       2.53
2080   01       2.62
2080   02       2.65
2080   03      13.59
2080   04      20.08
2080   05      25.18
2080   06      47.21
2080   07      11.11
2080   08       5.11
2080   09       9.82
2080   10      41.64
2080   11      24.36
2080   12       6.49
2081   01       5.72
2081   02       5.09
2081   03      13.37
2081   04      19.76
2081   05      16.94
2081   06      37.23
2081   07      23.93
2081   08       6.15
2081   09      14.18
2081   10      32.13
2081   11      36.65
2081   12      10.13
2082   01       4.37
2082   02       4.70
2082   03      10.53
2082   04      14.29
2082   05      15.07
2082   06      20.67
2082   07      18.83
2082   08       5.47
2082   09      14.51
2082   10      37.10
2082   11       6.16
2082   12       1.41
2083   01       3.85
2083   02       5.56
2083   03      21.30
2083   04      20.05
2083   05      17.69
2083   06      18.69
2083   07      10.86
2083   08       3.05
2083   09      12.42
2083   10      11.96
2083   11       4.68
2083   12       5.05
2084   01       3.60
2084   02       5.91
2084   03      17.88
2084   04      20.33
2084   05      26.32
2084   06      35.10
2084   07      11.45
2084   08       9.83
2084   09      27.19
2084   10      23.15
2084   11       5.85
2084   12       5.48
2085   01       3.27
2085   02       7.61
2085   03      14.33
2085   04      15.89
2085   05      29.72
2085   06      24.43
2085   07       5.23
2085   08       7.40
2085   09      12.89
2085   10       5.48
2085   11       6.36
2085   12       8.95
2086   01       5.45
2086   02       5.89
2086   03      17.35
2086   04      17.88
2086   05      17.28
2086   06      11.84
2086   07       9.94
2086   08       9.18
2086   09      19.17
2086   10      10.83
2086   11       4.69
2086   12       6.28
2087   01       7.51
2087   02       5.90
2087   03      10.48
2087   04      17.76
2087   05      31.81
2087   06       7.12
2087   07       5.27
2087   08      10.41
2087   09      20.80
2087   10       5.72
2087   11       6.18
2087   12       6.39
2088   01      10.79
2088   02      15.54
2088   03      16.98
2088   04      27.97
2088   05      26.52
2088   06       4.48
2088   07       5.92
2088   08      10.09
2088   09      30.06
2088   10      24.07
2088   11       2.70
2088   12       5.03
2089   01      11.66
2089   02      11.36
2089   03      10.18
2089   04      13.20
2089   05      23.88
2089   06      15.79
2089   07       7.82
2089   08      25.59
2089   09      33.69
2089   10      13.83
2089   11       3.82
2089   12       8.58
2090   01       7.40
2090   02      15.04
2090   03      17.17
2090   04      18.99
2090   05      30.98
2090   06       5.60
2090   07       7.44
2090   08      27.15
2090   09      25.31
2090   10       6.85
2090   11       0.84
2090   12       0.79
