2025   01      13.46
2025   02      13.54
2025   03      18.75
2025   04      26.67
2025   05      15.78
2025   06       4.63
2025   07      13.56
2025   08      16.77
2025   09       5.27
2025   10       3.55
2025   11       2.82
2025   12       6.91
2026   01       8.19
2026   02      12.36
2026   03      16.36
2026   04      31.63
2026   05      13.71
2026   06       3.53
2026   07      18.99
2026   08      15.93
2026   09      13.35
2026   10       6.61
2026   11       4.78
2026   12      15.03
2027   01      17.62
2027   02      12.52
2027   03      25.69
2027   04      33.32
2027   05      13.36
2027   06       5.58
2027   07      16.54
2027   08      16.36
2027   09      10.90
2027   10       6.72
2027   11       5.56
2027   12       6.82
2028   01      19.18
2028   02      16.54
2028   03      25.53
2028   04      13.81
2028   05       3.23
2028   06       8.99
2028   07      26.61
2028   08      29.87
2028   09       9.03
2028   10       5.48
2028   11       7.47
2028   12      15.55
2029   01      20.29
2029   02      25.29
2029   03      43.93
2029   04      25.65
2029   05       3.44
2029   06       2.76
2029   07       9.01
2029   08       8.04
2029   09       2.26
2029   10       2.31
2029   11       5.08
2029   12      19.19
2030   01      23.23
2030   02      28.81
2030   03      45.20
2030   04      16.03
2030   05       8.18
2030   06       7.37
2030   07      11.52
2030   08       9.26
2030   09       3.46
2030   10       2.00
2030   11       4.88
2030   12      10.82
2031   01      11.37
2031   02       8.17
2031   03      24.64
2031   04      18.75
2031   05      13.18
2031   06      15.29
2031   07      14.45
2031   08       8.73
2031   09       4.37
2031   10       3.56
2031   11       3.81
2031   12       4.80
2032   01      10.67
2032   02      23.51
2032   03      32.83
2032   04      17.13
2032   05      17.03
2032   06      29.22
2032   07      31.77
2032   08      14.04
2032   09       3.57
2032   10       7.39
2032   11       8.66
2032   12      14.91
2033   01      17.00
2033   02      29.87
2033   03      18.32
2033   04       3.96
2033   05       3.81
2033   06       9.20
2033   07      17.35
2033   08       7.89
2033   09       5.69
2033   10       2.75
2033   11       5.53
2033   12      18.72
2034   01      23.08
2034   02      25.32
2034   03      11.06
2034   04       3.88
2034   05       6.45
2034   06      18.97
2034   07      18.39
2034   08       4.67
2034   09       7.47
2034   10       7.94
2034   11      11.63
2034   12      18.36
2035   01      23.03
2035   02      34.32
2035   03       6.51
2035   04       2.81
2035   05       4.71
2035   06      13.87
2035   07       7.81
2035   08       2.11
2035   09       0.18
2035   10       1.76
2035   11       9.38
2035   12      20.39
2036   01      37.16
2036   02      33.35
2036   03      12.62
2036   04       9.83
2036   05      19.63
2036   06      37.34
2036   07       7.70
2036   08       2.52
2036   09       0.21
2036   10       2.81
2036   11       8.99
2036   12      21.66
2037   01      11.45
2037   02      24.41
2037   03       9.40
2037   04       6.33
2037   05       9.61
2037   06      11.17
2037   07       4.52
2037   08       4.83
2037   09       2.16
2037   10       6.18
2037   11      17.47
2037   12      23.78
2038   01      19.80
2038   02      19.95
2038   03       8.90
2038   04       2.32
2038   05       9.72
2038   06      20.15
2038   07      10.16
2038   08       4.61
2038   09       5.73
2038   10      11.83
2038   11       9.17
2038   12      10.22
2039   01       9.94
2039   02      11.21
2039   03      11.90
2039   04      14.19
2039   05      23.36
2039   06      18.11
2039   07       4.61
2039   08       0.55
2039   09       0.06
2039   10       1.68
2039   11       8.31
2039   12      25.75
2040   01      59.76
2040   02      22.38
2040   03       3.25
2040   04       7.17
2040   05      20.34
2040   06       9.58
2040   07       5.88
2040   08       2.19
2040   09       8.11
2040   10       8.00
2040   11      18.73
2040   12      15.95
2041   01      20.41
2041   02      17.82
2041   03       3.94
2041   04      12.26
2041   05      23.08
2041   06       9.71
2041   07       4.68
2041   08       2.88
2041   09       7.14
2041   10       8.80
2041   11      16.75
2041   12      19.75
2042   01      24.80
2042   02      35.53
2042   03      32.70
2042   04      25.76
2042   05      17.95
2042   06       6.23
2042   07       5.78
2042   08       3.29
2042   09       7.43
2042   10      17.87
2042   11      27.29
2042   12      34.58
2043   01      19.21
2043   02       2.35
2043   03       3.84
2043   04       7.31
2043   05      18.24
2043   06       7.41
2043   07       5.69
2043   08       1.96
2043   09       7.02
2043   10       9.88
2043   11      18.38
2043   12      15.86
2044   01      18.40
2044   02       9.22
2044   03      11.29
2044   04      26.19
2044   05      17.54
2044   06       7.19
2044   07       4.47
2044   08       3.03
2044   09       1.64
2044   10      11.24
2044   11      13.56
2044   12      23.51
2045   01      34.25
2045   02      20.88
2045   03      19.89
2045   04      23.98
2045   05      19.72
2045   06       9.46
2045   07       3.57
2045   08       6.13
2045   09       7.96
2045   10       8.88
2045   11      14.13
2045   12      37.74
2046   01      35.84
2046   02       7.20
2046   03      11.64
2046   04      18.76
2046   05      14.20
2046   06       6.32
2046   07       4.47
2046   08       2.55
2046   09      10.99
2046   10      18.18
2046   11      24.56
2046   12      41.45
2047   01      14.25
2047   02       2.65
2047   03      11.53
2047   04      24.41
2047   05      13.25
2047   06       7.40
2047   07       2.56
2047   08       4.12
2047   09       7.47
2047   10      13.24
2047   11      14.32
2047   12      29.46
2048   01       7.17
2048   02       4.86
2048   03      16.97
2048   04      32.10
2048   05      12.04
2048   06      10.19
2048   07       3.30
2048   08       4.12
2048   09       7.92
2048   10       8.08
2048   11      12.44
2048   12      21.17
2049   01       3.92
2049   02       9.21
2049   03      13.80
2049   04      22.85
2049   05      22.68
2049   06       8.33
2049   07       7.24
2049   08       5.87
2049   09      12.71
2049   10      16.11
2049   11      26.96
2049   12      28.18
2050   01       5.95
2050   02       8.67
2050   03      15.26
2050   04      24.45
2050   05      12.28
2050   06       8.39
2050   07       3.34
2050   08      12.94
2050   09      23.32
2050   10      43.30
2050   11      46.40
2050   12      13.61
2051   01       1.23
2051   02       2.86
2051   03      16.68
2051   04      21.27
2051   05       6.02
2051   06       4.25
2051   07       3.77
2051   08       7.68
2051   09      16.22
2051   10      15.50
2051   11      32.53
2051   12      16.26
2052   01      13.46
2052   02      23.79
2052   03      17.91
2052   04       6.51
2052   05       2.15
2052   06       3.49
2052   07       5.90
2052   08       6.22
2052   09      13.60
2052   10      20.90
2052   11      24.21
2052   12      42.54
2053   01      11.07
2053   02      19.25
2053   03      55.07
2053   04      18.16
2053   05       4.31
2053   06       4.83
2053   07       1.79
2053   08       6.23
2053   09      12.28
2053   10      28.01
2053   11      39.70
2053   12      15.67
2054   01       2.91
2054   02       8.65
2054   03      16.15
2054   04       7.73
2054   05       5.65
2054   06       8.42
2054   07      10.40
2054   08      18.06
2054   09      15.89
2054   10      13.63
2054   11      16.14
2054   12       8.49
2055   01      11.09
2055   02      19.58
2055   03      18.82
2055   04      13.04
2055   05       5.95
2055   06       3.97
2055   07       5.99
2055   08      16.13
2055   09      23.26
2055   10      24.33
2055   11      20.49
2055   12      10.98
2056   01       9.25
2056   02      32.58
2056   03      16.79
2056   04       3.79
2056   05       1.01
2056   06       0.16
2056   07       0.49
2056   08       8.06
2056   09      14.92
2056   10      47.14
2056   11      38.49
2056   12      16.08
2057   01      12.86
2057   02      15.30
2057   03       6.88
2057   04       6.16
2057   05       6.80
2057   06       1.73
2057   07       1.74
2057   08       9.76
2057   09      16.36
2057   10      27.95
2057   11       5.10
2057   12       1.36
2058   01       8.07
2058   02      18.31
2058   03      12.33
2058   04       5.61
2058   05       0.26
2058   06       0.35
2058   07       3.73
2058   08      10.24
2058   09      16.00
2058   10      41.84
2058   11      28.89
2058   12       2.68
2059   01       9.76
2059   02      30.53
2059   03      10.93
2059   04       3.10
2059   05       0.69
2059   06       0.88
2059   07       6.23
2059   08      12.23
2059   09      16.93
2059   10      45.50
2059   11      15.45
2059   12       5.26
2060   01      23.24
2060   02      24.03
2060   03       7.51
2060   04       3.49
2060   05       3.67
2060   06       4.96
2060   07      11.21
2060   08      23.13
2060   09      40.62
2060   10      44.09
2060   11       9.39
2060   12       5.83
2061   01      22.34
2061   02      36.56
2061   03      12.10
2061   04       8.31
2061   05       5.50
2061   06       7.25
2061   07       9.97
2061   08      21.71
2061   09      41.21
2061   10      21.51
2061   11       4.65
2061   12       5.19
2062   01      19.29
2062   02      11.16
2062   03       2.88
2062   04       0.71
2062   05       1.09
2062   06       2.52
2062   07      11.00
2062   08      15.57
2062   09      28.37
2062   10      12.94
2062   11       3.11
2062   12       8.90
2063   01      37.30
2063   02      11.23
2063   03       5.87
2063   04       0.92
2063   05       7.40
2063   06       8.53
2063   07      14.16
2063   08      23.35
2063   09      28.01
2063   10      21.42
2063   11       4.96
2063   12      20.60
2064   01      49.43
2064   02      13.90
2064   03       7.36
2064   04       4.71
2064   05       3.53
2064   06       7.45
2064   07      22.38
2064   08      31.34
2064   09      51.19
2064   10       9.67
2064   11       4.66
2064   12       9.23
2065   01      20.49
2065   02      23.20
2065   03       4.21
2065   04       4.44
2065   05       8.39
2065   06       8.49
2065   07      10.18
2065   08      12.93
2065   09      25.27
2065   10      27.25
2065   11      10.70
2065   12      32.03
2066   01      54.41
2066   02       8.53
2066   03       6.74
2066   04       3.46
2066   05       5.13
2066   06       9.94
2066   07      18.01
2066   08      48.06
2066   09      36.95
2066   10       7.46
2066   11       7.62
2066   12      16.51
2067   01      19.31
2067   02       6.91
2067   03       1.56
2067   04       3.44
2067   05       5.57
2067   06       8.42
2067   07      22.93
2067   08      63.06
2067   09      20.77
2067   10       4.70
2067   11       4.24
2067   12      18.21
2068   01      25.01
2068   02       5.82
2068   03       2.58
2068   04       6.27
2068   05       9.24
2068   06       9.48
2068   07       8.26
2068   08      17.07
2068   09      29.21
2068   10      12.55
2068   11      12.45
2068   12      36.99
2069   01      11.29
2069   02       5.47
2069   03       1.56
2069   04       2.57
2069   05       1.34
2069   06       6.58
2069   07      30.66
2069   08      25.01
2069   09       8.54
2069   10       4.30
2069   11      15.85
2069   12      38.72
2070   01      13.27
2070   02       2.91
2070   03       1.27
2070   04       0.51
2070   05       3.75
2070   06       9.76
2070   07      18.86
2070   08      49.34
2070   09      11.32
2070   10       3.13
2070   11       7.52
2070   12      30.13
2071   01       6.22
2071   02       1.75
2071   03       2.40
2071   04       4.43
2071   05      12.47
2071   06      30.00
2071   07      25.21
2071   08      22.39
2071   09       3.76
2071   10       3.31
2071   11       6.80
2071   12      24.31
2072   01       9.37
2072   02       6.20
2072   03       5.29
2072   04       4.22
2072   05      11.36
2072   06      15.00
2072   07      37.01
2072   08      31.48
2072   09       6.20
2072   10       7.45
2072   11      20.41
2072   12      11.22
2073   01       5.64
2073   02       0.63
2073   03       0.81
2073   04       4.77
2073   05       5.21
2073   06       8.94
2073   07      15.79
2073   08      29.48
2073   09      13.04
2073   10       9.53
2073   11      28.13
2073   12      27.16
2074   01       2.28
2074   02       0.25
2074   03       0.49
2074   04       3.96
2074   05       9.38
2074   06      18.25
2074   07      56.46
2074   08      17.15
2074   09       4.78
2074   10       8.71
2074   11      16.29
2074   12       7.69
2075   01       4.44
2075   02       6.49
2075   03       6.33
2075   04       8.07
2075   05      12.08
2075   06      18.73
2075   07      16.37
2075   08       8.48
2075   09       2.03
2075   10      10.99
2075   11      24.32
2075   12       7.25
2076   01       2.02
2076   02       1.36
2076   03       1.07
2076   04       5.06
2076   05      11.60
2076   06      25.55
2076   07      15.25
2076   08      16.25
2076   09       5.03
2076   10      17.20
2076   11      19.70
2076   12       4.14
2077   01       1.89
2077   02       1.81
2077   03       6.37
2077   04       8.54
2077   05      12.31
2077   06      35.17
2077   07      42.60
2077   08       7.40
2077   09       8.24
2077   10      31.19
2077   11      53.13
2077   12      14.88
2078   01       4.87
2078   02       2.81
2078   03       6.74
2078   04      11.20
2078   05      39.15
2078   06      56.05
2078   07      29.16
2078   08       7.96
2078   09       6.66
2078   10      29.23
2078   11      16.49
2078   12      11.34
2079   01       5.20
2079   02       2.32
2079   03       6.10
2079   04      15.16
2079   05      12.83
2079   06      27.13
2079   07      43.73
2079   08      10.79
2079   09       8.63
2079   10      15.26
2079   11       8.83
2079   12       9.37
2080   01       0.77
2080   02       2.47
2080   03      10.62
2080   04      16.22
2080   05      19.32
2080   06      42.82
2080   07      16.27
2080   08       6.32
2080   09      10.24
2080   10      18.01
2080   11       6.60
2080   12       3.23
2081   01       1.54
2081   02       3.34
2081   03       5.21
2081   04      13.56
2081   05      64.75
2081   06      71.90
2081   07      15.60
2081   08       4.02
2081   09       7.55
2081   10      26.41
2081   11       9.71
2081   12       3.00
2082   01       1.04
2082   02       2.57
2082   03       5.76
2082   04      17.84
2082   05      30.01
2082   06      62.05
2082   07      12.75
2082   08       6.86
2082   09       8.52
2082   10      22.23
2082   11       7.12
2082   12       2.00
2083   01       0.78
2083   02       1.82
2083   03       5.47
2083   04       9.68
2083   05      30.90
2083   06      45.43
2083   07      12.12
2083   08       9.62
2083   09      31.45
2083   10      43.05
2083   11      11.66
2083   12       1.70
2084   01       1.13
2084   02       3.41
2084   03       7.32
2084   04       8.89
2084   05      12.78
2084   06       8.35
2084   07       7.38
2084   08      12.71
2084   09      28.92
2084   10      39.60
2084   11       7.42
2084   12       2.85
2085   01       1.00
2085   02       0.73
2085   03       4.56
2085   04       9.26
2085   05      29.81
2085   06      36.46
2085   07      26.76
2085   08      19.73
2085   09      36.31
2085   10      10.43
2085   11       5.15
2085   12       5.47
2086   01      10.07
2086   02      10.87
2086   03      12.35
2086   04      25.32
2086   05      36.55
2086   06      39.24
2086   07       8.51
2086   08      20.25
2086   09      58.99
2086   10      51.81
2086   11       6.25
2086   12       5.33
2087   01       2.40
2087   02       1.77
2087   03       7.25
2087   04      20.30
2087   05      38.07
2087   06      17.39
2087   07       1.05
2087   08       6.26
2087   09      22.32
2087   10       8.47
2087   11       1.96
2087   12       1.17
2088   01       1.32
2088   02       4.46
2088   03       7.48
2088   04       9.29
2088   05      32.66
2088   06       9.72
2088   07       5.42
2088   08       7.68
2088   09      32.10
2088   10      18.26
2088   11       2.20
2088   12       2.72
2089   01       3.61
2089   02       5.89
2089   03       7.12
2089   04      10.59
2089   05      21.66
2089   06      11.08
2089   07      11.93
2089   08      45.68
2089   09      57.54
2089   10      11.14
2089   11       0.92
2089   12       0.16
2090   01       2.13
2090   02       3.75
2090   03       5.98
2090   04       8.42
2090   05      30.55
2090   06      10.11
2090   07      10.29
2090   08      29.54
2090   09      52.20
2090   10       8.50
2090   11       6.13
2090   12       5.59
