1981   01       0.90
1981   02       0.07
1981   03       0.02
1981   04       0.61
1981   05       3.79
1981   06      11.63
1981   07      17.81
1981   08       6.74
1981   09       2.50
1981   10       7.03
1981   11       7.55
1981   12       1.60
1982   01       0.03
1982   02       0.01
1982   03       0.19
1982   04       2.80
1982   05      11.23
1982   06      24.52
1982   07      27.20
1982   08       5.29
1982   09       0.23
1982   10       0.13
1982   11       0.90
1982   12       0.08
1983   01       0.01
1983   02       0.00
1983   03       0.00
1983   04       0.04
1983   05       0.78
1983   06       1.66
1983   07       8.47
1983   08       1.03
1983   09       0.99
1983   10       2.36
1983   11       0.61
1983   12       0.40
1984   01       0.51
1984   02       0.55
1984   03       0.60
1984   04       2.83
1984   05       7.03
1984   06      15.47
1984   07      14.43
1984   08       8.17
1984   09       4.87
1984   10      11.62
1984   11       6.51
1984   12       2.47
1985   01       0.43
1985   02       0.45
1985   03       0.10
1985   04       3.36
1985   05       7.35
1985   06      22.81
1985   07      12.67
1985   08       2.02
1985   09       1.67
1985   10       2.93
1985   11       5.27
1985   12       4.30
1986   01       1.46
1986   02       0.03
1986   03       0.62
1986   04       3.34
1986   05       7.06
1986   06      10.91
1986   07       8.30
1986   08       2.37
1986   09       0.14
1986   10       1.50
1986   11       4.70
1986   12       2.99
1987   01       0.70
1987   02       0.05
1987   03       0.23
1987   04       0.91
1987   05       3.76
1987   06       4.62
1987   07       2.00
1987   08       2.08
1987   09       8.40
1987   10      31.56
1987   11      13.67
1987   12       1.26
1988   01       0.62
1988   02       0.02
1988   03       0.60
1988   04       1.86
1988   05       9.92
1988   06      18.35
1988   07      28.57
1988   08       7.07
1988   09       1.01
1988   10       3.24
1988   11       9.82
1988   12       6.24
1989   01       2.41
1989   02       0.08
1989   03       0.05
1989   04       1.06
1989   05       7.96
1989   06      11.25
1989   07      14.32
1989   08       6.07
1989   09       1.43
1989   10       4.03
1989   11       7.19
1989   12       0.96
1990   01       0.05
1990   02       0.06
1990   03       0.24
1990   04       0.08
1990   05       4.01
1990   06       5.01
1990   07       9.91
1990   08       3.53
1990   09       0.22
1990   10       1.08
1990   11       2.53
1990   12       3.38
1991   01       9.45
1991   02       1.22
1991   03       0.84
1991   04       5.82
1991   05      15.80
1991   06      39.82
1991   07      19.32
1991   08      15.96
1991   09       2.32
1991   10       1.35
1991   11       2.03
1991   12       0.18
1992   01       0.01
1992   02       0.00
1992   03       0.00
1992   04       0.40
1992   05       4.17
1992   06      11.02
1992   07       9.28
1992   08       4.86
1992   09       1.13
1992   10       1.21
1992   11       3.29
1992   12       1.90
1993   01       0.12
1993   02       0.21
1993   03       0.32
1993   04       0.50
1993   05       4.41
1993   06       6.11
1993   07       7.71
1993   08       0.76
1993   09       0.69
1993   10       3.97
1993   11       4.19
1993   12      13.54
1994   01       4.68
1994   02       0.15
1994   03       0.42
1994   04       2.20
1994   05       0.66
1994   06       7.85
1994   07       9.89
1994   08       3.44
1994   09       1.79
1994   10       2.83
1994   11       7.45
1994   12       3.17
1995   01       0.39
1995   02       0.01
1995   03       0.80
1995   04       4.09
1995   05      13.71
1995   06      15.40
1995   07      38.83
1995   08      11.53
1995   09       1.57
1995   10       0.17
1995   11       0.75
1995   12       1.42
1996   01       0.14
1996   02       0.02
1996   03       0.34
1996   04       3.70
1996   05      14.46
1996   06      32.93
1996   07      16.36
1996   08       6.64
1996   09       2.93
1996   10       1.03
1996   11       0.31
1996   12       0.74
1997   01       0.15
1997   02       0.03
1997   03       0.08
1997   04       3.54
1997   05      20.70
1997   06      25.12
1997   07      23.33
1997   08       2.60
1997   09       0.60
1997   10       0.94
1997   11       5.40
1997   12       4.39
1998   01       4.37
1998   02       0.17
1998   03       0.13
1998   04       0.12
1998   05       0.87
1998   06       6.30
1998   07       5.38
1998   08       1.70
1998   09       0.24
1998   10       0.24
1998   11       4.59
1998   12       2.14
1999   01       2.93
1999   02       1.08
1999   03       1.34
1999   04       1.85
1999   05       4.71
1999   06      10.10
1999   07      33.21
1999   08       6.92
1999   09       1.78
1999   10       2.45
1999   11       1.99
1999   12       0.81
2000   01       0.20
2000   02       0.03
2000   03       0.01
2000   04       0.34
2000   05       2.64
2000   06      10.05
2000   07      10.45
2000   08       3.03
2000   09       1.63
2000   10       0.82
2000   11       0.18
2000   12       1.38
2001   01       3.48
2001   02       0.47
2001   03       0.07
2001   04       1.61
2001   05      14.29
2001   06      31.03
2001   07      24.49
2001   08       4.10
2001   09       0.45
2001   10       3.39
2001   11       1.80
2001   12       3.93
2002   01       1.12
2002   02       1.19
2002   03       1.88
2002   04       3.10
2002   05      16.06
2002   06      18.54
2002   07      29.06
2002   08       3.64
2002   09       0.59
2002   10       0.81
2002   11       4.28
2002   12       1.47
2003   01       0.55
2003   02       0.22
2003   03       0.37
2003   04       4.08
2003   05      11.98
2003   06      11.38
2003   07      23.17
2003   08       3.92
2003   09       2.05
2003   10       3.72
2003   11       8.64
2003   12       3.22
2004   01       1.47
2004   02       1.08
2004   03       0.64
2004   04       0.83
2004   05       1.72
2004   06       8.16
2004   07       8.33
2004   08       3.80
2004   09       2.65
2004   10      10.10
2004   11      14.95
2004   12       4.64
2005   01       0.54
2005   02       0.02
2005   03       0.44
2005   04       2.52
2005   05       3.22
2005   06      11.39
2005   07      14.15
2005   08       3.74
2005   09       2.09
2005   10       4.53
2005   11      11.41
2005   12       7.50
2006   01       5.00
2006   02       0.60
2006   03       0.54
2006   04       3.46
2006   05       2.88
2006   06      19.61
2006   07      14.23
2006   08       3.78
2006   09       2.09
2006   10       5.82
2006   11       8.96
2006   12       1.59
2007   01       0.05
2007   02       0.01
2007   03       0.09
2007   04       2.12
2007   05       1.48
2007   06       8.78
2007   07      14.33
2007   08      12.19
2007   09       2.81
2007   10       7.78
2007   11      10.43
2007   12       6.83
2008   01       0.47
2008   02       0.09
2008   03       0.02
2008   04       1.20
2008   05      19.19
2008   06      39.85
2008   07      16.12
2008   08       5.00
2008   09       2.64
2008   10       3.65
2008   11       9.26
2008   12      12.63
2009   01       6.46
2009   02       0.30
2009   03       3.90
2009   04       2.45
2009   05       8.05
2009   06       5.71
2009   07      20.50
2009   08       7.06
2009   09       0.63
2009   10       0.35
2009   11       0.18
2009   12       0.03
2010   01       0.45
2010   02       1.44
2010   03       4.39
2010   04       4.98
2010   05       3.11
2010   06      13.26
2010   07      38.31
2010   08       6.43
2010   09       2.98
2010   10       5.50
2010   11       8.27
2010   12      11.40
2011   01       5.69
2011   02       0.13
2011   03       0.91
2011   04       0.80
2011   05       8.27
2011   06      25.05
2011   07      19.39
2011   08       7.69
2011   09       1.46
2011   10       2.11
2011   11       6.43
2011   12       3.35
2012   01       0.29
2012   02       0.13
2012   03       1.13
2012   04       1.15
2012   05       9.50
2012   06      12.20
2012   07      11.93
2012   08       2.66
2012   09       0.85
2012   10       3.03
2012   11       5.20
2012   12       1.85
2013   01       2.15
2013   02       1.90
2013   03       0.61
2013   04       0.44
2013   05       1.39
2013   06       8.62
2013   07       9.35
2013   08       1.94
2013   09       0.69
2013   10       3.81
2013   11       0.64
2013   12       4.24
2014   01       6.59
2014   02       2.98
2014   03       9.46
2014   04      14.07
2014   05      13.04
2014   06      23.39
2014   07      17.05
2014   08       6.06
2014   09       3.78
2014   10      10.62
2014   11      10.19
2014   12       4.83
2015   01       0.53
2015   02       0.09
2015   03       1.48
2015   04       7.04
2015   05       8.43
2015   06      24.60
2015   07      26.34
2015   08       4.20
2015   09       0.13
2015   10       0.61
2015   11       7.95
2015   12       4.76
2016   01       0.62
2016   02       0.01
2016   03       0.03
2016   04       2.43
2016   05       2.00
2016   06       8.60
2016   07      15.43
2016   08       3.21
2016   09       2.26
2016   10      11.08
2016   11      13.51
2016   12       4.78
2017   01       2.30
2017   02       0.96
2017   03       8.37
2017   04      11.12
2017   05      19.62
2017   06      14.24
2017   07      17.76
2017   08       4.19
2017   09       1.07
2017   10      10.16
2017   11       5.09
2017   12       6.57
2018   01       1.59
2018   02       0.25
2018   03       2.59
2018   04       4.04
2018   05       6.42
2018   06      11.92
2018   07       9.77
2018   08       1.74
2018   09       1.22
2018   10       7.39
2018   11      13.66
2018   12       8.69
2019   01       2.92
2019   02       2.13
2019   03       6.55
2019   04      11.32
2019   05      18.75
2019   06      27.39
2019   07      12.76
2019   08       6.49
2019   09       0.66
2019   10       3.17
2019   11       8.05
2019   12      10.33
2020   01       1.72
2020   02       0.40
2020   03       1.03
2020   04       3.61
2020   05      16.30
2020   06      29.78
2020   07      16.77
2020   08       1.97
2020   09       0.57
2020   10       2.29
2020   11       6.41
2020   12       5.26
