2025   01       0.17
2025   02       0.17
2025   03      13.38
2025   04      53.34
2025   05      63.90
2025   06      71.18
2025   07      70.72
2025   08      51.97
2025   09       3.61
2025   10       0.15
2025   11       0.04
2025   12       0.16
2026   01       1.28
2026   02       5.05
2026   03      45.96
2026   04      94.24
2026   05      98.26
2026   06      99.43
2026   07      49.98
2026   08      27.78
2026   09       1.23
2026   10       0.03
2026   11       0.02
2026   12       0.03
2027   01       4.48
2027   02       5.94
2027   03      28.85
2027   04     115.25
2027   05     111.80
2027   06      65.23
2027   07      31.33
2027   08      18.29
2027   09       0.57
2027   10       0.02
2027   11       0.02
2027   12       0.05
2028   01       4.29
2028   02      49.42
2028   03     105.11
2028   04     105.11
2028   05      88.11
2028   06      51.83
2028   07      44.68
2028   08      11.92
2028   09       0.33
2028   10       0.02
2028   11       0.12
2028   12       0.36
2029   01       2.33
2029   02       2.85
2029   03      34.47
2029   04     124.09
2029   05     112.67
2029   06      47.88
2029   07      43.67
2029   08      10.42
2029   09       0.19
2029   10       0.02
2029   11       0.02
2029   12       0.95
2030   01       3.31
2030   02       1.23
2030   03      19.28
2030   04     111.79
2030   05      90.49
2030   06      46.83
2030   07      18.15
2030   08       6.55
2030   09       0.17
2030   10       0.02
2030   11       0.01
2030   12       0.62
2031   01       8.63
2031   02      46.57
2031   03      46.32
2031   04     111.04
2031   05     110.31
2031   06      40.65
2031   07      19.31
2031   08       0.50
2031   09       0.15
2031   10       0.41
2031   11       0.40
2031   12       0.87
2032   01       0.67
2032   02      13.07
2032   03      59.06
2032   04     118.29
2032   05      68.28
2032   06      35.64
2032   07       5.09
2032   08       0.08
2032   09       0.02
2032   10       0.16
2032   11       0.02
2032   12       1.33
2033   01       8.74
2033   02      25.22
2033   03      78.39
2033   04     116.08
2033   05     105.00
2033   06      38.26
2033   07      21.12
2033   08       0.73
2033   09       0.02
2033   10       0.02
2033   11       0.05
2033   12       2.58
2034   01       6.25
2034   02      57.12
2034   03     114.49
2034   04     107.06
2034   05     100.36
2034   06      88.60
2034   07      14.26
2034   08       0.25
2034   09       0.04
2034   10       0.02
2034   11       0.02
2034   12       0.43
2035   01      10.57
2035   02      30.90
2035   03     111.93
2035   04      95.11
2035   05      44.89
2035   06      18.41
2035   07       4.96
2035   08       0.10
2035   09       0.02
2035   10       0.02
2035   11       0.02
2035   12       0.13
2036   01       7.98
2036   02      43.19
2036   03     143.59
2036   04     130.58
2036   05      38.89
2036   06      47.97
2036   07       3.97
2036   08       0.06
2036   09       0.10
2036   10       0.11
2036   11       0.11
2036   12      12.06
2037   01      81.83
2037   02      57.94
2037   03      78.03
2037   04      78.36
2037   05      46.37
2037   06      28.02
2037   07       1.86
2037   08       0.03
2037   09       0.02
2037   10       0.04
2037   11       2.11
2037   12       3.15
2038   01      23.95
2038   02      70.37
2038   03      95.76
2038   04      99.04
2038   05      49.12
2038   06       4.74
2038   07       0.09
2038   08       0.02
2038   09       0.03
2038   10       0.05
2038   11       0.08
2038   12       2.23
2039   01       9.07
2039   02      60.14
2039   03     150.86
2039   04     100.49
2039   05      58.06
2039   06       2.52
2039   07       0.15
2039   08       0.18
2039   09       0.02
2039   10       0.01
2039   11       0.05
2039   12       0.46
2040   01      16.28
2040   02      92.44
2040   03     137.22
2040   04      64.45
2040   05      10.77
2040   06       0.65
2040   07       0.18
2040   08       0.04
2040   09       0.02
2040   10       0.10
2040   11       7.39
2040   12      19.15
2041   01      39.41
2041   02     107.15
2041   03     133.17
2041   04      86.94
2041   05      49.70
2041   06       4.86
2041   07       0.12
2041   08       0.02
2041   09       0.01
2041   10       0.07
2041   11       6.11
2041   12      41.84
2042   01      86.18
2042   02     120.51
2042   03      89.34
2042   04      66.28
2042   05      58.19
2042   06       6.28
2042   07       0.17
2042   08       0.27
2042   09       0.07
2042   10       2.62
2042   11      27.88
2042   12      50.71
2043   01      73.90
2043   02      87.82
2043   03      75.24
2043   04      51.41
2043   05      12.02
2043   06       0.20
2043   07       0.04
2043   08       0.05
2043   09       0.01
2043   10       0.75
2043   11      16.69
2043   12      53.98
2044   01      78.70
2044   02     104.68
2044   03      73.36
2044   04      21.54
2044   05       9.70
2044   06       0.24
2044   07       0.64
2044   08       0.35
2044   09       0.08
2044   10       0.37
2044   11       6.24
2044   12      12.60
2045   01      65.41
2045   02      82.24
2045   03      90.08
2045   04      20.96
2045   05      11.44
2045   06       0.86
2045   07       0.03
2045   08       0.13
2045   09       0.98
2045   10       3.81
2045   11      21.34
2045   12      49.22
2046   01     106.62
2046   02     107.04
2046   03     101.67
2046   04      35.59
2046   05       4.42
2046   06       0.11
2046   07       0.02
2046   08       0.02
2046   09       0.35
2046   10       2.51
2046   11      38.80
2046   12      96.00
2047   01      94.46
2047   02      68.07
2047   03      64.27
2047   04      24.89
2047   05       0.75
2047   06       0.03
2047   07       0.02
2047   08       0.05
2047   09       0.03
2047   10       0.91
2047   11      31.95
2047   12     106.08
2048   01     126.03
2048   02      73.63
2048   03      23.54
2048   04      15.74
2048   05       1.43
2048   06       0.54
2048   07       0.02
2048   08       0.03
2048   09       0.22
2048   10       0.06
2048   11       3.44
2048   12      47.53
2049   01     127.92
2049   02     106.72
2049   03      47.11
2049   04      19.48
2049   05       0.72
2049   06       0.03
2049   07       0.06
2049   08       0.04
2049   09       0.31
2049   10       2.72
2049   11      20.61
2049   12      67.66
2050   01     134.53
2050   02     110.87
2050   03      25.71
2050   04       5.58
2050   05       0.14
2050   06       0.03
2050   07       0.24
2050   08       0.78
2050   09       1.46
2050   10      17.94
2050   11      43.00
2050   12      85.89
2051   01     131.29
2051   02      64.74
2051   03      29.30
2051   04       2.22
2051   05       0.14
2051   06       0.34
2051   07       0.02
2051   08       0.49
2051   09       0.49
2051   10       9.89
2051   11      62.39
2051   12     115.80
2052   01      82.66
2052   02      63.07
2052   03      30.78
2052   04      15.55
2052   05       0.65
2052   06       0.04
2052   07       0.02
2052   08       0.30
2052   09       1.06
2052   10       7.93
2052   11      44.13
2052   12     137.96
2053   01     112.68
2053   02      35.21
2053   03      16.50
2053   04       3.49
2053   05       0.06
2053   06       0.02
2053   07       0.01
2053   08       0.07
2053   09       1.56
2053   10       1.76
2053   11      35.04
2053   12     134.24
2054   01     125.69
2054   02      25.20
2054   03      10.97
2054   04       1.44
2054   05       0.04
2054   06       0.02
2054   07       0.02
2054   08       0.63
2054   09      28.44
2054   10      28.09
2054   11      77.02
2054   12     100.75
2055   01      76.62
2055   02      37.37
2055   03      15.36
2055   04       0.69
2055   05       0.03
2055   06       0.01
2055   07       0.05
2055   08       0.44
2055   09       2.12
2055   10      38.65
2055   11     114.75
2055   12     118.09
2056   01      97.92
2056   02      35.06
2056   03       3.85
2056   04       0.41
2056   05       0.02
2056   06       0.03
2056   07       0.17
2056   08       2.01
2056   09      22.26
2056   10      35.40
2056   11      88.12
2056   12     130.31
2057   01      97.78
2057   02      38.36
2057   03       8.08
2057   04       0.23
2057   05       0.02
2057   06       0.01
2057   07       0.06
2057   08       1.87
2057   09      18.87
2057   10      63.81
2057   11     118.38
2057   12     110.05
2058   01      68.76
2058   02      30.12
2058   03      14.56
2058   04       1.07
2058   05       1.55
2058   06       0.08
2058   07       0.37
2058   08      13.99
2058   09      36.34
2058   10      57.47
2058   11     106.26
2058   12     101.30
2059   01      50.80
2059   02      16.73
2059   03       0.56
2059   04       0.02
2059   05       0.06
2059   06       0.21
2059   07       0.06
2059   08       1.48
2059   09      20.85
2059   10      76.27
2059   11     115.18
2059   12      80.47
2060   01      46.48
2060   02      19.94
2060   03       0.99
2060   04       0.05
2060   05       0.04
2060   06       0.01
2060   07       0.11
2060   08       8.72
2060   09      23.18
2060   10      80.81
2060   11     136.79
2060   12      83.74
2061   01      27.24
2061   02       2.52
2061   03       0.07
2061   04       0.02
2061   05       0.05
2061   06       0.03
2061   07       0.45
2061   08       4.40
2061   09      16.76
2061   10      91.43
2061   11     149.46
2061   12     118.81
2062   01      41.27
2062   02       3.25
2062   03       1.88
2062   04       0.04
2062   05       0.05
2062   06       0.08
2062   07       0.11
2062   08       6.98
2062   09      22.90
2062   10     127.36
2062   11     127.91
2062   12      85.31
2063   01      65.69
2063   02      17.58
2063   03       3.70
2063   04       0.08
2063   05       0.02
2063   06       0.04
2063   07       1.73
2063   08      46.16
2063   09      81.61
2063   10     103.18
2063   11      68.17
2063   12      51.51
2064   01      38.83
2064   02       3.66
2064   03       0.23
2064   04       0.37
2064   05       0.35
2064   06       3.44
2064   07      23.84
2064   08      39.38
2064   09      63.49
2064   10     108.31
2064   11     104.80
2064   12      64.51
2065   01      47.44
2065   02       1.74
2065   03       0.12
2065   04       0.02
2065   05       0.01
2065   06       0.06
2065   07       0.05
2065   08       1.10
2065   09      27.32
2065   10     155.33
2065   11     120.75
2065   12      84.48
2066   01      19.62
2066   02       0.33
2066   03       0.03
2066   04       0.02
2066   05       0.12
2066   06       0.05
2066   07       1.43
2066   08      20.14
2066   09      65.63
2066   10     120.49
2066   11      65.64
2066   12      51.63
2067   01      42.89
2067   02       1.75
2067   03       0.54
2067   04       0.04
2067   05       0.23
2067   06       1.30
2067   07      30.19
2067   08      46.13
2067   09      81.53
2067   10     129.07
2067   11      61.98
2067   12      29.57
2068   01       2.50
2068   02       0.07
2068   03       0.02
2068   04       0.01
2068   05       0.02
2068   06       1.05
2068   07      16.04
2068   08      68.61
2068   09     111.55
2068   10      96.97
2068   11      69.67
2068   12      27.82
2069   01      10.97
2069   02       0.68
2069   03       0.04
2069   04       0.38
2069   05       0.16
2069   06       2.03
2069   07      21.88
2069   08      81.03
2069   09     124.92
2069   10     108.03
2069   11      60.12
2069   12      61.09
2070   01       3.47
2070   02       0.05
2070   03       0.02
2070   04       0.01
2070   05       0.47
2070   06      10.64
2070   07      55.22
2070   08     121.43
2070   09     114.84
2070   10     101.13
2070   11      38.91
2070   12      45.39
2071   01       5.76
2071   02       0.07
2071   03       0.03
2071   04       0.03
2071   05       0.02
2071   06       0.28
2071   07      15.66
2071   08      67.14
2071   09     126.74
2071   10      91.19
2071   11      68.41
2071   12      57.20
2072   01       2.78
2072   02       0.04
2072   03       0.03
2072   04       0.05
2072   05       0.04
2072   06       0.12
2072   07      10.45
2072   08      74.30
2072   09     134.77
2072   10      90.08
2072   11      34.47
2072   12      15.15
2073   01       1.11
2073   02       0.36
2073   03       0.05
2073   04       0.03
2073   05       0.09
2073   06       2.73
2073   07      22.42
2073   08     116.95
2073   09     132.95
2073   10     103.02
2073   11      59.60
2073   12       7.44
2074   01       0.17
2074   02       0.02
2074   03       0.02
2074   04       0.18
2074   05       0.11
2074   06       5.80
2074   07      43.03
2074   08     118.64
2074   09      70.68
2074   10      70.88
2074   11      20.27
2074   12       2.20
2075   01       0.12
2075   02       0.02
2075   03       0.02
2075   04       0.02
2075   05       1.24
2075   06      42.11
2075   07      93.91
2075   08     101.76
2075   09      88.51
2075   10      51.60
2075   11      35.39
2075   12       5.13
2076   01       0.07
2076   02       0.11
2076   03       0.05
2076   04       0.21
2076   05       0.85
2076   06      30.19
2076   07     105.33
2076   08     136.23
2076   09      66.04
2076   10      33.60
2076   11      15.70
2076   12       7.45
2077   01       1.19
2077   02       0.03
2077   03       0.02
2077   04       0.22
2077   05       3.40
2077   06      20.95
2077   07      75.14
2077   08      83.69
2077   09      76.56
2077   10      34.04
2077   11      24.40
2077   12       1.76
2078   01       0.12
2078   02       0.05
2078   03       0.12
2078   04       0.10
2078   05       4.38
2078   06      37.95
2078   07      81.03
2078   08     108.08
2078   09     122.02
2078   10      40.29
2078   11      16.82
2078   12       0.44
2079   01       0.02
2079   02       0.02
2079   03       0.08
2079   04       0.21
2079   05       7.89
2079   06      55.85
2079   07     139.28
2079   08     116.65
2079   09      92.45
2079   10      14.37
2079   11       0.64
2079   12       0.03
2080   01       0.02
2080   02       0.02
2080   03       0.03
2080   04       0.06
2080   05       5.85
2080   06      54.72
2080   07     143.19
2080   08      95.16
2080   09      89.34
2080   10      47.05
2080   11       7.17
2080   12       0.16
2081   01       0.16
2081   02       0.11
2081   03       1.05
2081   04      24.01
2081   05      41.30
2081   06      52.55
2081   07     125.97
2081   08     114.03
2081   09      44.48
2081   10      43.28
2081   11       2.61
2081   12       0.05
2082   01       0.04
2082   02       0.05
2082   03       0.02
2082   04       0.50
2082   05      20.85
2082   06      55.45
2082   07     115.92
2082   08      98.52
2082   09      49.16
2082   10      28.04
2082   11       1.98
2082   12       0.04
2083   01       0.02
2083   02       0.01
2083   03       1.09
2083   04      10.08
2083   05      38.14
2083   06      60.38
2083   07     106.94
2083   08      89.53
2083   09      57.84
2083   10       7.56
2083   11       0.13
2083   12       0.02
2084   01       0.02
2084   02       0.06
2084   03       0.83
2084   04       2.81
2084   05      38.45
2084   06     131.03
2084   07     135.12
2084   08     110.16
2084   09      45.54
2084   10      13.26
2084   11       0.32
2084   12       0.24
2085   01       0.08
2085   02       0.01
2085   03       0.33
2085   04      10.24
2085   05      74.22
2085   06     104.32
2085   07      98.19
2085   08      50.83
2085   09      19.61
2085   10       5.79
2085   11       0.68
2085   12       0.39
2086   01       0.61
2086   02       0.02
2086   03       0.69
2086   04      17.51
2086   05      76.76
2086   06      73.75
2086   07     102.35
2086   08      78.56
2086   09      23.06
2086   10       1.12
2086   11       0.03
2086   12       0.06
2087   01       0.03
2087   02       0.01
2087   03       0.07
2087   04       3.32
2087   05      48.43
2087   06      75.64
2087   07     117.71
2087   08      69.84
2087   09      41.28
2087   10       1.91
2087   11       0.03
2087   12       0.06
2088   01       0.20
2088   02       0.12
2088   03       0.78
2088   04      11.57
2088   05      76.15
2088   06     102.00
2088   07      95.66
2088   08      44.37
2088   09      22.90
2088   10       2.81
2088   11       0.09
2088   12       0.02
2089   01       0.02
2089   02       0.01
2089   03       0.12
2089   04       6.07
2089   05      69.68
2089   06     134.02
2089   07     103.64
2089   08      77.81
2089   09      16.92
2089   10       0.58
2089   11       0.06
2089   12       0.07
2090   01       0.10
2090   02       2.18
2090   03       6.08
2090   04      28.60
2090   05      99.39
2090   06      99.61
2090   07      82.60
2090   08      67.96
2090   09      21.21
2090   10       0.51
2090   11       0.02
2090   12       0.02
