2025   01       0.29
2025   02       4.19
2025   03       7.98
2025   04      56.09
2025   05     135.75
2025   06     118.59
2025   07      48.93
2025   08      21.62
2025   09       1.18
2025   10       0.03
2025   11       0.02
2025   12       0.02
2026   01       0.10
2026   02       3.37
2026   03      41.24
2026   04      89.20
2026   05     142.82
2026   06      91.72
2026   07      36.13
2026   08       3.56
2026   09       1.48
2026   10       0.11
2026   11       0.14
2026   12       0.18
2027   01       0.36
2027   02       1.00
2027   03      18.56
2027   04      96.88
2027   05     116.91
2027   06      78.37
2027   07      35.09
2027   08      16.74
2027   09       2.62
2027   10       0.23
2027   11       0.02
2027   12       0.04
2028   01       1.05
2028   02      14.36
2028   03      73.71
2028   04     109.59
2028   05     107.48
2028   06      41.10
2028   07      87.98
2028   08      27.57
2028   09       0.53
2028   10       0.02
2028   11       0.03
2028   12       0.17
2029   01      12.41
2029   02      66.14
2029   03      85.06
2029   04      73.66
2029   05      63.23
2029   06      60.41
2029   07      19.16
2029   08       2.17
2029   09       0.04
2029   10       0.02
2029   11       0.03
2029   12       1.22
2030   01       3.15
2030   02      17.49
2030   03      89.93
2030   04     151.14
2030   05      94.82
2030   06      41.31
2030   07       6.55
2030   08       0.66
2030   09       0.02
2030   10       0.03
2030   11       0.05
2030   12       0.54
2031   01      18.32
2031   02      36.77
2031   03      89.16
2031   04     145.84
2031   05     110.34
2031   06      25.71
2031   07       9.45
2031   08       0.80
2031   09       0.02
2031   10       0.02
2031   11       0.03
2031   12       0.36
2032   01       0.51
2032   02      13.98
2032   03      60.49
2032   04     106.41
2032   05      76.77
2032   06      65.08
2032   07       9.46
2032   08       0.37
2032   09       0.02
2032   10       0.10
2032   11       0.10
2032   12       1.43
2033   01      12.13
2033   02      86.43
2033   03     129.70
2033   04      82.38
2033   05      52.14
2033   06      38.07
2033   07      25.94
2033   08       1.68
2033   09       0.03
2033   10       0.03
2033   11       0.04
2033   12       3.04
2034   01      18.03
2034   02      23.57
2034   03      77.60
2034   04      89.12
2034   05      67.10
2034   06      40.87
2034   07      13.81
2034   08       0.23
2034   09       0.03
2034   10       0.19
2034   11       0.18
2034   12       4.24
2035   01      31.93
2035   02      74.85
2035   03     135.05
2035   04     107.82
2035   05      78.50
2035   06      55.54
2035   07       6.33
2035   08       0.10
2035   09       0.03
2035   10       0.55
2035   11       0.54
2035   12      13.89
2036   01      76.14
2036   02      69.68
2036   03     124.51
2036   04     111.77
2036   05      50.80
2036   06      41.25
2036   07       1.83
2036   08       0.03
2036   09       0.03
2036   10       0.19
2036   11       0.15
2036   12      10.97
2037   01      21.17
2037   02      71.52
2037   03     134.65
2037   04      84.05
2037   05      57.68
2037   06      17.97
2037   07       0.31
2037   08       0.02
2037   09       0.02
2037   10       0.02
2037   11       0.47
2037   12       7.22
2038   01      43.58
2038   02      79.60
2038   03     109.38
2038   04      74.97
2038   05      40.45
2038   06      26.47
2038   07       3.60
2038   08       0.38
2038   09       0.02
2038   10       0.06
2038   11       0.45
2038   12       3.39
2039   01      11.34
2039   02      74.87
2039   03     192.46
2039   04      93.46
2039   05      67.91
2039   06      12.18
2039   07       0.81
2039   08       0.05
2039   09       0.01
2039   10       0.01
2039   11       0.07
2039   12       9.32
2040   01      70.88
2040   02     142.12
2040   03      80.39
2040   04      78.74
2040   05      25.99
2040   06       1.61
2040   07       0.15
2040   08       0.10
2040   09       0.28
2040   10       0.10
2040   11       5.33
2040   12      55.80
2041   01      97.96
2041   02     132.04
2041   03     148.38
2041   04      74.90
2041   05      65.35
2041   06       5.94
2041   07       0.28
2041   08       0.02
2041   09       0.04
2041   10       0.14
2041   11       7.24
2041   12      29.29
2042   01      70.20
2042   02     105.52
2042   03     114.30
2042   04      56.12
2042   05      46.85
2042   06       2.50
2042   07       0.35
2042   08       0.22
2042   09       0.03
2042   10       1.01
2042   11      14.28
2042   12      61.64
2043   01      81.21
2043   02      67.26
2043   03     105.11
2043   04      54.42
2043   05      14.30
2043   06       0.25
2043   07       0.04
2043   08       0.02
2043   09       0.04
2043   10       0.34
2043   11      16.68
2043   12      62.07
2044   01     127.02
2044   02     126.81
2044   03      94.11
2044   04      37.23
2044   05       5.38
2044   06       0.14
2044   07       0.02
2044   08       0.02
2044   09       0.09
2044   10       0.76
2044   11       0.16
2044   12       6.58
2045   01      77.69
2045   02     159.58
2045   03     100.85
2045   04      85.19
2045   05      21.69
2045   06       2.84
2045   07       0.14
2045   08       0.01
2045   09       0.05
2045   10       0.10
2045   11       0.59
2045   12      23.76
2046   01     116.01
2046   02     106.37
2046   03      60.18
2046   04      24.76
2046   05       4.41
2046   06       0.08
2046   07       0.02
2046   08       0.01
2046   09       0.04
2046   10       3.17
2046   11      23.39
2046   12     100.08
2047   01     131.68
2047   02      94.73
2047   03      64.67
2047   04      25.39
2047   05       3.13
2047   06       0.22
2047   07       0.02
2047   08       0.01
2047   09       0.01
2047   10       0.08
2047   11       4.62
2047   12      61.76
2048   01     186.36
2048   02      94.51
2048   03      51.85
2048   04      18.76
2048   05       8.86
2048   06       1.76
2048   07       0.48
2048   08       0.01
2048   09       0.04
2048   10       0.18
2048   11       7.20
2048   12      67.45
2049   01     174.65
2049   02      75.00
2049   03      28.23
2049   04      12.88
2049   05       0.46
2049   06       0.03
2049   07       0.02
2049   08       0.01
2049   09       0.03
2049   10       0.30
2049   11      14.37
2049   12      95.33
2050   01     149.72
2050   02      82.26
2050   03      87.93
2050   04      35.66
2050   05       2.89
2050   06       0.13
2050   07       0.06
2050   08       0.06
2050   09       5.65
2050   10      63.87
2050   11      91.23
2050   12      88.01
2051   01     123.86
2051   02      94.20
2051   03      69.25
2051   04       8.78
2051   05       1.19
2051   06       0.04
2051   07       0.01
2051   08       0.02
2051   09       0.81
2051   10       2.32
2051   11      32.54
2051   12     134.45
2052   01     156.16
2052   02      32.36
2052   03       4.37
2052   04       1.02
2052   05       0.12
2052   06       1.22
2052   07       0.15
2052   08       0.10
2052   09       1.01
2052   10      17.43
2052   11      19.39
2052   12     127.93
2053   01     149.31
2053   02      56.12
2053   03      32.20
2053   04       5.60
2053   05       0.50
2053   06       0.02
2053   07       0.01
2053   08       0.01
2053   09       0.77
2053   10      33.02
2053   11      97.47
2053   12     118.92
2054   01      88.61
2054   02      79.39
2054   03      30.72
2054   04       0.58
2054   05       0.02
2054   06       0.03
2054   07       0.05
2054   08       0.32
2054   09       0.24
2054   10       7.07
2054   11      52.62
2054   12     138.89
2055   01     117.89
2055   02      45.39
2055   03       8.49
2055   04       4.99
2055   05       0.24
2055   06       0.01
2055   07       0.01
2055   08       0.75
2055   09       4.73
2055   10      43.70
2055   11     104.12
2055   12     191.38
2056   01      81.58
2056   02      42.42
2056   03      14.03
2056   04       0.37
2056   05       0.09
2056   06       0.03
2056   07       0.03
2056   08       1.16
2056   09       5.28
2056   10      23.62
2056   11     104.24
2056   12     175.08
2057   01     140.21
2057   02      46.54
2057   03       7.93
2057   04       0.11
2057   05       0.14
2057   06       0.02
2057   07       0.01
2057   08       0.53
2057   09      15.25
2057   10      51.11
2057   11     103.61
2057   12      92.25
2058   01      82.35
2058   02      53.14
2058   03       6.65
2058   04       0.09
2058   05       0.02
2058   06       0.01
2058   07       0.04
2058   08       0.13
2058   09       2.91
2058   10      53.99
2058   11     130.70
2058   12     130.02
2059   01     137.80
2059   02      33.31
2059   03       0.49
2059   04       0.02
2059   05       0.03
2059   06       0.01
2059   07       0.51
2059   08       2.49
2059   09      16.95
2059   10     100.91
2059   11     165.69
2059   12     115.79
2060   01      98.05
2060   02      26.72
2060   03       0.78
2060   04       0.27
2060   05       0.13
2060   06       0.01
2060   07       0.02
2060   08       1.07
2060   09      24.47
2060   10     122.37
2060   11     168.54
2060   12     121.39
2061   01      77.15
2061   02      25.43
2061   03       1.04
2061   04       0.02
2061   05       0.02
2061   06       0.01
2061   07       0.03
2061   08       3.94
2061   09      46.72
2061   10     107.59
2061   11     144.88
2061   12     104.15
2062   01      20.04
2062   02       2.27
2062   03       0.10
2062   04       0.02
2062   05       0.01
2062   06       0.01
2062   07       0.53
2062   08       2.10
2062   09      16.48
2062   10     111.62
2062   11     123.21
2062   12      72.67
2063   01      60.81
2063   02       3.11
2063   03       0.04
2063   04       0.02
2063   05       0.33
2063   06       0.08
2063   07       1.54
2063   08       6.71
2063   09      56.58
2063   10     131.13
2063   11     133.04
2063   12     142.23
2064   01     142.39
2064   02      14.81
2064   03       0.27
2064   04       0.18
2064   05       0.03
2064   06       0.00
2064   07       0.33
2064   08      10.92
2064   09      92.97
2064   10     154.29
2064   11      93.22
2064   12      41.59
2065   01      18.09
2065   02       4.25
2065   03       0.16
2065   04       0.02
2065   05       0.02
2065   06       0.00
2065   07       0.00
2065   08       0.33
2065   09      21.80
2065   10     174.57
2065   11     154.01
2065   12      48.61
2066   01       8.44
2066   02       0.11
2066   03       0.04
2066   04       0.02
2066   05       0.01
2066   06       0.01
2066   07       1.90
2066   08      24.30
2066   09      84.64
2066   10     150.75
2066   11      86.58
2066   12      41.07
2067   01       9.90
2067   02       0.44
2067   03       0.09
2067   04       0.01
2067   05       0.00
2067   06       0.00
2067   07       0.16
2067   08      11.19
2067   09     107.61
2067   10     144.73
2067   11     103.63
2067   12      95.03
2068   01      36.68
2068   02       1.40
2068   03       0.02
2068   04       0.01
2068   05       0.00
2068   06       0.08
2068   07       7.48
2068   08      42.67
2068   09      99.99
2068   10     166.67
2068   11      82.72
2068   12      40.39
2069   01       2.07
2069   02       0.04
2069   03       0.01
2069   04       0.01
2069   05       0.00
2069   06       0.00
2069   07       0.62
2069   08      24.05
2069   09     147.71
2069   10     141.44
2069   11      71.41
2069   12      98.05
2070   01       6.48
2070   02       0.04
2070   03       0.05
2070   04       0.01
2070   05       0.01
2070   06       0.25
2070   07       5.18
2070   08      88.01
2070   09     138.20
2070   10     106.86
2070   11      43.30
2070   12      14.48
2071   01       3.48
2071   02       0.03
2071   03       0.02
2071   04       0.02
2071   05       0.02
2071   06       1.20
2071   07       6.04
2071   08      72.44
2071   09     132.03
2071   10     125.67
2071   11      71.01
2071   12      33.39
2072   01       0.32
2072   02       0.01
2072   03       0.01
2072   04       0.00
2072   05       0.01
2072   06       0.13
2072   07       5.48
2072   08      81.23
2072   09     137.69
2072   10     126.63
2072   11      55.96
2072   12      11.89
2073   01       0.08
2073   02       0.02
2073   03       0.01
2073   04       0.01
2073   05       0.00
2073   06       0.00
2073   07       0.23
2073   08      17.96
2073   09     139.62
2073   10     141.16
2073   11      53.10
2073   12      11.77
2074   01       0.20
2074   02       0.02
2074   03       0.01
2074   04       0.00
2074   05       0.00
2074   06       0.30
2074   07      18.97
2074   08     105.55
2074   09     126.92
2074   10      58.39
2074   11      44.51
2074   12       8.26
2075   01       0.06
2075   02       0.03
2075   03       0.01
2075   04       0.00
2075   05       0.03
2075   06       3.67
2075   07      43.93
2075   08     145.37
2075   09      95.12
2075   10      71.61
2075   11      18.97
2075   12       1.34
2076   01       0.02
2076   02       0.01
2076   03       0.00
2076   04       0.00
2076   05       0.01
2076   06       1.27
2076   07      36.33
2076   08     163.31
2076   09     124.64
2076   10     143.58
2076   11      47.50
2076   12       0.55
2077   01       0.03
2077   02       0.01
2077   03       0.02
2077   04       0.00
2077   05       0.03
2077   06       2.93
2077   07      52.52
2077   08     207.99
2077   09     134.06
2077   10      60.64
2077   11      33.80
2077   12       1.87
2078   01       0.02
2078   02       0.01
2078   03       0.01
2078   04       0.00
2078   05       0.28
2078   06      15.38
2078   07      93.08
2078   08     141.84
2078   09     116.81
2078   10      51.22
2078   11       6.48
2078   12       0.17
2079   01       0.03
2079   02       0.01
2079   03       0.01
2079   04       0.02
2079   05       0.41
2079   06      13.82
2079   07     154.68
2079   08     156.23
2079   09     120.64
2079   10      67.76
2079   11       3.68
2079   12       0.44
2080   01       0.02
2080   02       0.01
2080   03       0.14
2080   04       0.07
2080   05       0.08
2080   06       7.18
2080   07      77.30
2080   08     115.19
2080   09      51.87
2080   10      13.95
2080   11       0.97
2080   12       0.04
2081   01       0.02
2081   02       0.00
2081   03       0.00
2081   04       0.03
2081   05       2.38
2081   06      36.31
2081   07     114.84
2081   08     104.72
2081   09      59.77
2081   10      53.81
2081   11       9.39
2081   12       0.23
2082   01       0.14
2082   02       0.03
2082   03       0.00
2082   04       0.01
2082   05       1.15
2082   06      30.48
2082   07     115.13
2082   08      92.99
2082   09      42.06
2082   10       9.05
2082   11       0.24
2082   12       0.08
2083   01       0.01
2083   02       0.01
2083   03       0.00
2083   04       0.00
2083   05       0.24
2083   06      13.42
2083   07     110.00
2083   08     151.41
2083   09     100.38
2083   10      19.85
2083   11       0.85
2083   12       0.04
2084   01       0.00
2084   02       0.00
2084   03       0.00
2084   04       0.01
2084   05       1.73
2084   06      45.11
2084   07     134.78
2084   08      64.60
2084   09      44.18
2084   10      43.87
2084   11       0.55
2084   12       0.12
2085   01       0.01
2085   02       0.00
2085   03       0.00
2085   04       0.00
2085   05       0.57
2085   06      28.98
2085   07     167.37
2085   08      65.36
2085   09      22.82
2085   10       2.05
2085   11       0.18
2085   12       0.04
2086   01       0.04
2086   02       0.03
2086   03       1.11
2086   04      27.12
2086   05      58.91
2086   06     129.77
2086   07     141.65
2086   08      73.59
2086   09      22.97
2086   10       6.33
2086   11       0.40
2086   12       0.02
2087   01       0.00
2087   02       0.00
2087   03       0.00
2087   04       0.02
2087   05       2.56
2087   06      45.39
2087   07     132.94
2087   08      32.84
2087   09      26.61
2087   10       0.58
2087   11       0.03
2087   12       0.01
2088   01       0.00
2088   02       0.00
2088   03       0.00
2088   04       0.01
2088   05       1.44
2088   06      37.33
2088   07     135.44
2088   08      25.00
2088   09      22.41
2088   10       5.44
2088   11       0.06
2088   12       0.00
2089   01       0.00
2089   02       0.00
2089   03       0.00
2089   04       0.02
2089   05       2.77
2089   06      71.63
2089   07     117.47
2089   08     117.27
2089   09      93.27
2089   10       8.18
2089   11       0.05
2089   12       0.00
2090   01       0.00
2090   02       0.00
2090   03       0.00
2090   04       0.04
2090   05       3.88
2090   06      73.89
2090   07     161.54
2090   08      64.89
2090   09       8.35
2090   10       0.05
2090   11       0.01
2090   12       0.00
