1981   01       0.03
1981   02       0.01
1981   03       0.03
1981   04       0.08
1981   05       1.63
1981   06      12.26
1981   07      61.30
1981   08      72.35
1981   09      68.41
1981   10      28.87
1981   11       1.20
1981   12       0.03
1982   01       0.01
1982   02       0.01
1982   03       0.03
1982   04       1.82
1982   05      27.82
1982   06      45.60
1982   07      27.59
1982   08      52.46
1982   09      74.92
1982   10      63.59
1982   11      16.90
1982   12       2.87
1983   01       0.06
1983   02       0.01
1983   03       0.02
1983   04       0.01
1983   05       0.22
1983   06       9.19
1983   07      48.37
1983   08      53.34
1983   09      63.52
1983   10      26.02
1983   11       1.47
1983   12       0.19
1984   01       0.03
1984   02       0.01
1984   03       0.03
1984   04       0.28
1984   05       9.52
1984   06      61.23
1984   07      34.75
1984   08      53.50
1984   09      48.57
1984   10      41.63
1984   11      15.91
1984   12       0.68
1985   01       0.02
1985   02       0.02
1985   03       0.01
1985   04       0.03
1985   05       0.16
1985   06       7.27
1985   07      51.65
1985   08      79.68
1985   09      73.40
1985   10      54.59
1985   11       4.57
1985   12       0.07
1986   01       0.01
1986   02       0.01
1986   03       0.04
1986   04       1.37
1986   05       9.00
1986   06      39.48
1986   07      69.62
1986   08      78.39
1986   09      54.11
1986   10      76.03
1986   11      14.91
1986   12       2.90
1987   01       0.07
1987   02       0.02
1987   03       0.03
1987   04       1.89
1987   05       0.29
1987   06       4.62
1987   07      46.74
1987   08      89.51
1987   09     104.43
1987   10      41.70
1987   11      12.07
1987   12       0.31
1988   01       0.02
1988   02       0.02
1988   03       0.05
1988   04       0.92
1988   05       7.50
1988   06      14.37
1988   07      43.42
1988   08      55.38
1988   09      69.87
1988   10      49.64
1988   11       1.67
1988   12       0.18
1989   01       0.27
1989   02       0.02
1989   03       0.04
1989   04       0.91
1989   05       1.38
1989   06       8.44
1989   07      46.87
1989   08      42.26
1989   09     104.35
1989   10      86.54
1989   11       8.85
1989   12       0.16
1990   01       0.15
1990   02       0.30
1990   03       0.02
1990   04       0.05
1990   05       1.35
1990   06      18.56
1990   07      21.61
1990   08      74.28
1990   09      86.50
1990   10      31.89
1990   11       1.49
1990   12       0.17
1991   01       2.38
1991   02       0.35
1991   03       0.02
1991   04       0.25
1991   05       6.17
1991   06      45.82
1991   07      35.10
1991   08      57.67
1991   09      93.37
1991   10      27.82
1991   11      16.75
1991   12       0.66
1992   01       0.02
1992   02       0.02
1992   03       0.01
1992   04       0.03
1992   05       4.27
1992   06      40.31
1992   07      55.72
1992   08      60.26
1992   09      62.06
1992   10      45.71
1992   11      11.10
1992   12       0.33
1993   01       0.04
1993   02       0.02
1993   03       0.01
1993   04       0.03
1993   05       2.28
1993   06      21.10
1993   07      62.17
1993   08      61.45
1993   09      61.52
1993   10      40.12
1993   11       6.08
1993   12       0.54
1994   01       0.08
1994   02       0.02
1994   03       0.02
1994   04       0.29
1994   05       5.71
1994   06      30.77
1994   07      31.21
1994   08      61.80
1994   09     111.92
1994   10      45.23
1994   11      23.63
1994   12       1.79
1995   01       0.04
1995   02       0.01
1995   03       0.12
1995   04       0.88
1995   05       9.01
1995   06      23.00
1995   07      49.14
1995   08      47.14
1995   09      54.81
1995   10      33.98
1995   11      10.50
1995   12       0.40
1996   01       0.10
1996   02       0.02
1996   03       0.01
1996   04       0.20
1996   05       9.19
1996   06      71.53
1996   07      73.57
1996   08      49.23
1996   09      76.44
1996   10      62.40
1996   11      10.17
1996   12       0.31
1997   01       0.02
1997   02       0.01
1997   03       0.02
1997   04       0.40
1997   05       9.35
1997   06      25.39
1997   07      50.27
1997   08      44.85
1997   09      69.76
1997   10      42.49
1997   11      24.38
1997   12       2.36
1998   01       0.05
1998   02       0.02
1998   03       0.31
1998   04       0.02
1998   05       0.80
1998   06      20.21
1998   07      35.45
1998   08      57.66
1998   09      74.57
1998   10      53.61
1998   11      19.37
1998   12       0.95
1999   01       0.03
1999   02       0.01
1999   03       0.14
1999   04       0.11
1999   05       4.88
1999   06      34.66
1999   07      55.16
1999   08      80.11
1999   09     116.98
1999   10      73.26
1999   11      17.48
1999   12       0.47
2000   01       0.08
2000   02       0.05
2000   03       0.02
2000   04       0.02
2000   05       0.70
2000   06      12.92
2000   07      75.08
2000   08      88.47
2000   09      66.36
2000   10      45.75
2000   11       9.41
2000   12       0.24
2001   01       0.02
2001   02       0.01
2001   03       0.02
2001   04       0.01
2001   05       1.65
2001   06      26.82
2001   07      53.76
2001   08      57.85
2001   09     100.91
2001   10      38.33
2001   11       1.49
2001   12       0.04
2002   01       0.02
2002   02       0.01
2002   03       0.01
2002   04       0.06
2002   05       6.05
2002   06      14.53
2002   07      40.61
2002   08      60.87
2002   09      71.83
2002   10      47.39
2002   11      13.96
2002   12       3.25
2003   01       0.08
2003   02       0.02
2003   03       0.13
2003   04       0.09
2003   05       0.32
2003   06      16.29
2003   07      56.24
2003   08      71.95
2003   09      91.85
2003   10      82.72
2003   11      22.86
2003   12       1.36
2004   01       0.03
2004   02       0.02
2004   03       0.11
2004   04       0.48
2004   05      14.70
2004   06      37.55
2004   07      61.67
2004   08      68.87
2004   09      63.28
2004   10      36.63
2004   11      10.28
2004   12       1.20
2005   01       0.03
2005   02       0.01
2005   03       0.10
2005   04       0.02
2005   05       0.51
2005   06       3.72
2005   07      33.34
2005   08      67.17
2005   09      72.48
2005   10      32.93
2005   11       7.77
2005   12       0.16
2006   01       0.02
2006   02       0.02
2006   03       0.15
2006   04       0.22
2006   05       5.31
2006   06      21.77
2006   07      50.84
2006   08      71.87
2006   09      56.75
2006   10      56.77
2006   11      18.83
2006   12       0.61
2007   01       0.02
2007   02       0.02
2007   03       0.02
2007   04       0.02
2007   05       2.96
2007   06      13.70
2007   07      44.00
2007   08      96.33
2007   09     103.59
2007   10      46.62
2007   11       4.07
2007   12       0.68
2008   01       0.02
2008   02       0.01
2008   03       0.03
2008   04       0.62
2008   05       4.98
2008   06       8.29
2008   07      28.81
2008   08      93.70
2008   09      91.07
2008   10      53.78
2008   11      14.97
2008   12       0.37
2009   01       0.02
2009   02       0.01
2009   03       0.69
2009   04       2.51
2009   05       8.15
2009   06      24.50
2009   07      50.81
2009   08      54.86
2009   09      77.86
2009   10      54.56
2009   11      23.50
2009   12       2.22
2010   01       0.05
2010   02       0.02
2010   03       0.39
2010   04       0.19
2010   05       3.23
2010   06      40.45
2010   07      64.59
2010   08      48.13
2010   09      86.27
2010   10      57.29
2010   11      34.81
2010   12       1.34
2011   01       0.03
2011   02       0.01
2011   03       0.02
2011   04       0.15
2011   05       5.94
2011   06      43.52
2011   07      64.51
2011   08      49.74
2011   09     102.98
2011   10      49.68
2011   11       5.21
2011   12       0.11
2012   01       0.01
2012   02       0.01
2012   03       0.07
2012   04       0.03
2012   05       4.72
2012   06      18.59
2012   07      33.71
2012   08      79.88
2012   09      59.25
2012   10      61.67
2012   11      12.49
2012   12       0.52
2013   01       0.02
2013   02       0.02
2013   03       0.01
2013   04       0.86
2013   05      26.01
2013   06      34.37
2013   07      15.14
2013   08      42.20
2013   09      68.02
2013   10      42.05
2013   11      20.61
2013   12       0.84
2014   01       0.03
2014   02       0.16
2014   03       0.03
2014   04       0.14
2014   05       9.65
2014   06      12.25
2014   07      35.17
2014   08      45.51
2014   09      31.83
2014   10      55.35
2014   11       7.92
2014   12       5.79
2015   01       0.49
2015   02       0.02
2015   03       0.15
2015   04       0.14
2015   05       1.26
2015   06      15.69
2015   07      38.18
2015   08      66.30
2015   09      95.30
2015   10      69.43
2015   11      15.71
2015   12       1.23
2016   01       0.03
2016   02       0.01
2016   03       0.03
2016   04       0.45
2016   05       0.51
2016   06       3.56
2016   07      26.69
2016   08      20.41
2016   09       8.51
2016   10       6.47
2016   11       0.59
2016   12       0.06
2017   01       0.01
2017   02       0.01
2017   03       0.01
2017   04       0.16
2017   05       2.26
2017   06      26.01
2017   07      91.42
2017   08      92.43
2017   09      57.72
2017   10      34.79
2017   11       5.34
2017   12       0.68
2018   01       0.09
2018   02       0.06
2018   03       0.36
2018   04       5.58
2018   05      23.75
2018   06      73.99
2018   07      45.24
2018   08      66.27
2018   09      64.21
2018   10      46.76
2018   11      11.18
2018   12       1.32
2019   01       0.50
2019   02       0.07
2019   03       0.14
2019   04       2.65
2019   05      28.41
2019   06      72.22
2019   07      64.23
2019   08      58.01
2019   09      53.73
2019   10      60.62
2019   11      34.62
2019   12       1.56
2020   01       0.32
2020   02       0.06
2020   03       0.02
2020   04       1.00
2020   05      16.01
2020   06      60.60
2020   07      49.09
2020   08      53.25
2020   09      54.44
2020   10      66.10
2020   11      15.28
2020   12       0.44
