Abetifi           79726        824           96.75
Accra            284124         20        14206.20
Ada               76411        261          292.76
Akatsi            92494        531          174.19
Akim_oda          76302        122          625.43
Akuse            121478        316          384.42
Axim              94621        997           94.91
Bole             115800       6226           18.60
Ho               180420        310          582.00
Keta_Krachi       61128       1248           48.98
Koforidua        125256         43         2912.93
Kumasi           443981         68         6529.13
Navrongo          99895        865          115.49
Saltpond         168905        321          526.18
Sefwi_Bekwai     167971        832          201.89
Sunyani          193595        506          382.60
Takoradi         245382         65         3775.11
Tamale           374744        454          825.43
Tema             177924         34         5233.06
Wa               200672        584          343.62
Wenchi           124758       1057          118.03
Yendi            154421       1713           90.15
Kintampo         139508       4859           28.71
Zuarungu          38824         73          531.84
