1981   01       0.74
1981   02       0.11
1981   03       0.02
1981   04       0.35
1981   05       3.49
1981   06       8.09
1981   07      11.46
1981   08      18.77
1981   09      20.14
1981   10      13.66
1981   11       3.27
1981   12       0.11
1982   01       0.00
1982   02       0.00
1982   03       0.10
1982   04       1.33
1982   05       5.49
1982   06      10.08
1982   07      13.52
1982   08       6.32
1982   09       9.62
1982   10      19.68
1982   11       4.28
1982   12       0.91
1983   01       0.02
1983   02       0.00
1983   03       0.00
1983   04       0.03
1983   05       0.72
1983   06       5.56
1983   07       9.23
1983   08       9.76
1983   09       9.71
1983   10      19.13
1983   11       1.47
1983   12       0.02
1984   01       0.00
1984   02       0.00
1984   03       0.00
1984   04       0.36
1984   05       1.51
1984   06       5.16
1984   07      12.60
1984   08      20.44
1984   09      11.47
1984   10      17.37
1984   11       2.63
1984   12       0.86
1985   01       0.05
1985   02       0.00
1985   03       0.00
1985   04       0.11
1985   05       1.92
1985   06       4.20
1985   07      11.23
1985   08      22.41
1985   09      14.07
1985   10      16.24
1985   11       3.07
1985   12       0.05
1986   01       0.00
1986   02       0.00
1986   03       0.01
1986   04       0.67
1986   05       2.50
1986   06      12.17
1986   07      11.47
1986   08      12.60
1986   09      12.47
1986   10      12.69
1986   11       3.41
1986   12       1.84
1987   01       0.06
1987   02       0.00
1987   03       0.00
1987   04       0.25
1987   05       0.09
1987   06       0.87
1987   07       7.10
1987   08      14.27
1987   09      18.32
1987   10      20.56
1987   11       9.21
1987   12       0.20
1988   01       0.00
1988   02       0.00
1988   03       0.01
1988   04       0.72
1988   05       2.87
1988   06       6.04
1988   07      11.51
1988   08      22.88
1988   09      19.71
1988   10      13.11
1988   11       1.43
1988   12       0.06
1989   01       0.06
1989   02       0.01
1989   03       0.01
1989   04       0.84
1989   05       2.30
1989   06       6.33
1989   07      17.74
1989   08      13.40
1989   09      28.33
1989   10      32.62
1989   11       5.00
1989   12       0.09
1990   01       0.02
1990   02       0.01
1990   03       0.09
1990   04       0.08
1990   05       1.73
1990   06       4.63
1990   07       6.16
1990   08       9.65
1990   09      22.94
1990   10      26.24
1990   11       4.49
1990   12       0.57
1991   01       0.51
1991   02       0.09
1991   03       0.08
1991   04       1.26
1991   05       5.34
1991   06      22.49
1991   07      15.06
1991   08      17.23
1991   09      31.50
1991   10      23.50
1991   11       7.38
1991   12       0.25
1992   01       0.01
1992   02       0.00
1992   03       0.02
1992   04       0.18
1992   05       2.39
1992   06       4.86
1992   07       8.99
1992   08       7.49
1992   09       5.05
1992   10      12.85
1992   11       3.02
1992   12       1.32
1993   01       0.03
1993   02       0.00
1993   03       0.18
1993   04       0.51
1993   05       0.87
1993   06       2.06
1993   07       8.49
1993   08      20.92
1993   09      20.56
1993   10      18.77
1993   11       3.95
1993   12       0.42
1994   01       0.12
1994   02       0.00
1994   03       0.00
1994   04       0.19
1994   05       3.80
1994   06       6.62
1994   07      14.14
1994   08      14.54
1994   09      12.39
1994   10      20.39
1994   11      15.70
1994   12       1.70
1995   01       0.04
1995   02       0.00
1995   03       0.02
1995   04       0.19
1995   05       2.42
1995   06       6.75
1995   07       8.59
1995   08      10.69
1995   09      19.41
1995   10      25.08
1995   11       9.89
1995   12       0.73
1996   01       0.05
1996   02       0.00
1996   03       0.18
1996   04       0.19
1996   05       2.98
1996   06      11.05
1996   07      15.16
1996   08       9.14
1996   09      16.25
1996   10      22.04
1996   11      10.56
1996   12       0.45
1997   01       0.16
1997   02       0.01
1997   03       0.00
1997   04       0.03
1997   05       2.94
1997   06       5.86
1997   07      14.72
1997   08      14.15
1997   09      12.82
1997   10      21.83
1997   11      10.93
1997   12       0.79
1998   01       0.01
1998   02       0.00
1998   03       0.03
1998   04       0.01
1998   05       1.08
1998   06       4.43
1998   07       8.37
1998   08       8.41
1998   09      11.53
1998   10      30.03
1998   11      15.74
1998   12       0.72
1999   01       0.51
1999   02       0.14
1999   03       0.18
1999   04       0.33
1999   05       3.75
1999   06      12.22
1999   07      19.09
1999   08      23.30
1999   09      20.52
1999   10      19.04
1999   11      11.86
1999   12       0.41
2000   01       0.04
2000   02       0.50
2000   03       0.09
2000   04       0.19
2000   05       2.74
2000   06       8.62
2000   07      16.44
2000   08       7.99
2000   09       6.26
2000   10      18.02
2000   11       7.07
2000   12       0.18
2001   01       0.01
2001   02       0.00
2001   03       0.00
2001   04       0.01
2001   05       1.01
2001   06       2.09
2001   07       7.20
2001   08      10.21
2001   09      13.43
2001   10      17.69
2001   11       2.16
2001   12       0.04
2002   01       0.00
2002   02       0.00
2002   03       0.01
2002   04       0.16
2002   05       1.77
2002   06       5.45
2002   07      13.31
2002   08       9.94
2002   09      22.72
2002   10      11.79
2002   11       8.58
2002   12       0.27
2003   01       0.01
2003   02       0.07
2003   03       0.15
2003   04       0.36
2003   05       3.14
2003   06      12.48
2003   07      14.66
2003   08      15.09
2003   09      24.24
2003   10      24.50
2003   11       6.12
2003   12       1.12
2004   01       0.04
2004   02       0.05
2004   03       0.12
2004   04       0.25
2004   05       2.63
2004   06       8.37
2004   07      14.35
2004   08      15.08
2004   09      17.90
2004   10      13.30
2004   11       5.86
2004   12       1.77
2005   01       0.03
2005   02       0.01
2005   03       0.24
2005   04       1.16
2005   05       6.57
2005   06       9.17
2005   07      12.71
2005   08      22.87
2005   09      14.71
2005   10      14.87
2005   11       4.77
2005   12       0.11
2006   01       0.12
2006   02       0.01
2006   03       0.15
2006   04       0.24
2006   05       1.07
2006   06       6.63
2006   07       7.45
2006   08      17.60
2006   09      16.26
2006   10      22.16
2006   11       9.34
2006   12       0.32
2007   01       0.01
2007   02       0.00
2007   03       0.00
2007   04       0.15
2007   05       3.50
2007   06       7.44
2007   07       5.09
2007   08       9.48
2007   09      15.73
2007   10      25.61
2007   11       7.21
2007   12       0.43
2008   01       0.01
2008   02       0.00
2008   03       0.01
2008   04       0.21
2008   05       2.95
2008   06       5.34
2008   07      11.89
2008   08      16.05
2008   09      26.32
2008   10      24.10
2008   11       6.92
2008   12       0.30
2009   01       0.02
2009   02       0.00
2009   03       0.02
2009   04       0.61
2009   05       5.01
2009   06       9.67
2009   07      11.99
2009   08      20.13
2009   09      19.32
2009   10      18.94
2009   11      10.51
2009   12       0.81
2010   01       0.01
2010   02       0.00
2010   03       0.01
2010   04       0.16
2010   05       2.26
2010   06       2.25
2010   07      11.09
2010   08      11.96
2010   09      18.65
2010   10      25.68
2010   11      16.80
2010   12       1.80
2011   01       0.03
2011   02       0.00
2011   03       0.06
2011   04       0.63
2011   05       1.55
2011   06       2.53
2011   07      15.26
2011   08      18.85
2011   09      15.99
2011   10      18.53
2011   11       5.86
2011   12       0.19
2012   01       0.00
2012   02       0.01
2012   03       0.79
2012   04       1.12
2012   05       4.91
2012   06       4.99
2012   07       8.95
2012   08      10.28
2012   09      11.15
2012   10      13.86
2012   11      14.69
2012   12       1.47
2013   01       0.48
2013   02       0.03
2013   03       0.08
2013   04       2.02
2013   05       5.15
2013   06       6.20
2013   07       9.26
2013   08      10.78
2013   09      10.23
2013   10      16.10
2013   11       8.63
2013   12       0.82
2014   01       0.17
2014   02       0.00
2014   03       0.03
2014   04       1.02
2014   05       2.98
2014   06       3.85
2014   07      10.70
2014   08      12.06
2014   09      13.18
2014   10      25.89
2014   11       8.70
2014   12       0.93
2015   01       0.04
2015   02       0.00
2015   03       0.14
2015   04       1.13
2015   05       1.47
2015   06       3.95
2015   07      11.02
2015   08      11.48
2015   09      18.50
2015   10      20.44
2015   11       5.06
2015   12       0.52
2016   01       0.01
2016   02       0.00
2016   03       0.03
2016   04       1.23
2016   05       2.16
2016   06       6.85
2016   07       7.05
2016   08      18.52
2016   09      17.07
2016   10      21.99
2016   11       3.94
2016   12       0.07
2017   01       0.05
2017   02       0.01
2017   03       0.01
2017   04       0.22
2017   05       1.57
2017   06       6.84
2017   07      18.46
2017   08      17.47
2017   09       6.49
2017   10      12.24
2017   11       2.29
2017   12       0.53
2018   01       0.02
2018   02       0.02
2018   03       0.20
2018   04       2.44
2018   05       7.37
2018   06      17.77
2018   07      15.00
2018   08      19.33
2018   09      14.97
2018   10      23.47
2018   11       8.78
2018   12       0.71
2019   01       0.12
2019   02       0.05
2019   03       0.11
2019   04       1.40
2019   05      10.06
2019   06      15.38
2019   07      15.09
2019   08      16.82
2019   09      13.57
2019   10      23.30
2019   11      18.66
2019   12       1.58
2020   01       0.23
2020   02       0.01
2020   03       0.01
2020   04       0.77
2020   05       5.42
2020   06      15.64
2020   07      13.70
2020   08      11.29
2020   09      12.49
2020   10      17.82
2020   11       7.59
2020   12       0.26
