2025   01       0.35
2025   02       2.44
2025   03       5.37
2025   04      27.23
2025   05      28.28
2025   06      35.88
2025   07      26.31
2025   08      11.64
2025   09       0.60
2025   10       0.01
2025   11       0.00
2025   12       0.01
2026   01       0.19
2026   02       2.43
2026   03      12.92
2026   04      28.25
2026   05      32.13
2026   06      17.56
2026   07      18.59
2026   08       2.25
2026   09       0.76
2026   10       0.02
2026   11       0.04
2026   12       0.09
2027   01       0.66
2027   02       1.53
2027   03      11.65
2027   04      27.08
2027   05      30.13
2027   06      24.50
2027   07      23.66
2027   08      11.33
2027   09       1.07
2027   10       0.07
2027   11       0.02
2027   12       0.05
2028   01       0.81
2028   02       4.90
2028   03      23.98
2028   04      26.81
2028   05      16.86
2028   06      15.76
2028   07      31.20
2028   08      11.86
2028   09       0.28
2028   10       0.01
2028   11       0.03
2028   12       0.45
2029   01       5.08
2029   02      23.88
2029   03      40.54
2029   04      26.61
2029   05       7.83
2029   06      16.35
2029   07       9.09
2029   08       1.14
2029   09       0.02
2029   10       0.00
2029   11       0.03
2029   12       1.06
2030   01       1.76
2030   02       9.75
2030   03      33.41
2030   04      43.15
2030   05      32.48
2030   06      15.06
2030   07       3.66
2030   08       0.35
2030   09       0.01
2030   10       0.01
2030   11       0.02
2030   12       0.46
2031   01       7.77
2031   02      14.15
2031   03      29.59
2031   04      30.52
2031   05      34.87
2031   06      14.25
2031   07       5.31
2031   08       0.48
2031   09       0.01
2031   10       0.00
2031   11       0.03
2031   12       0.39
2032   01       1.68
2032   02       9.19
2032   03      26.25
2032   04      42.46
2032   05      38.64
2032   06      33.37
2032   07       5.13
2032   08       0.43
2032   09       0.01
2032   10       0.01
2032   11       0.06
2032   12       1.14
2033   01       5.16
2033   02      24.33
2033   03      38.15
2033   04      19.78
2033   05      16.59
2033   06      17.18
2033   07      12.51
2033   08       0.96
2033   09       0.04
2033   10       0.01
2033   11       0.01
2033   12       0.86
2034   01       7.05
2034   02       9.81
2034   03      17.23
2034   04      18.36
2034   05      27.18
2034   06      20.08
2034   07       9.69
2034   08       0.17
2034   09       0.01
2034   10       0.06
2034   11       0.11
2034   12       1.25
2035   01       9.16
2035   02      21.66
2035   03      23.10
2035   04      19.90
2035   05      30.20
2035   06      22.64
2035   07       4.59
2035   08       0.07
2035   09       0.01
2035   10       0.20
2035   11       0.38
2035   12       5.77
2036   01      24.11
2036   02      27.78
2036   03      28.20
2036   04      35.24
2036   05      25.04
2036   06      16.40
2036   07       0.60
2036   08       0.01
2036   09       0.01
2036   10       0.11
2036   11       0.37
2036   12       7.34
2037   01      11.89
2037   02      26.44
2037   03      32.12
2037   04      26.88
2037   05      23.51
2037   06       8.31
2037   07       0.14
2037   08       0.00
2037   09       0.00
2037   10       0.00
2037   11       0.34
2037   12       2.98
2038   01      12.01
2038   02      24.46
2038   03      31.19
2038   04      29.88
2038   05      18.21
2038   06      12.11
2038   07       1.73
2038   08       0.49
2038   09       0.01
2038   10       0.05
2038   11       0.10
2038   12       2.08
2039   01       8.29
2039   02      23.17
2039   03      46.16
2039   04      37.23
2039   05      32.00
2039   06       7.93
2039   07       0.54
2039   08       0.01
2039   09       0.00
2039   10       0.00
2039   11       0.10
2039   12       4.96
2040   01      22.60
2040   02      31.18
2040   03      12.91
2040   04      28.19
2040   05      11.05
2040   06       0.97
2040   07       0.24
2040   08       0.02
2040   09       0.13
2040   10       0.04
2040   11       2.12
2040   12      14.31
2041   01      37.39
2041   02      47.00
2041   03      26.34
2041   04      24.91
2041   05      20.95
2041   06       2.00
2041   07       0.06
2041   08       0.00
2041   09       0.02
2041   10       0.11
2041   11       3.52
2041   12      10.36
2042   01      25.33
2042   02      33.45
2042   03      38.64
2042   04      26.68
2042   05      14.10
2042   06       0.86
2042   07       0.10
2042   08       0.10
2042   09       0.04
2042   10       0.60
2042   11       5.42
2042   12      18.86
2043   01      23.56
2043   02      11.20
2043   03      33.68
2043   04      32.86
2043   05       9.63
2043   06       0.17
2043   07       0.01
2043   08       0.01
2043   09       0.01
2043   10       0.18
2043   11       5.68
2043   12      20.51
2044   01      30.26
2044   02      24.61
2044   03      29.81
2044   04      21.05
2044   05       2.46
2044   06       0.10
2044   07       0.06
2044   08       0.00
2044   09       0.01
2044   10       0.43
2044   11       0.38
2044   12       3.90
2045   01      22.34
2045   02      38.67
2045   03      42.77
2045   04      29.04
2045   05       6.04
2045   06       1.17
2045   07       0.04
2045   08       0.00
2045   09       0.03
2045   10       0.15
2045   11       0.92
2045   12       9.68
2046   01      25.11
2046   02      25.53
2046   03      20.04
2046   04      10.31
2046   05       1.72
2046   06       0.03
2046   07       0.00
2046   08       0.00
2046   09       0.06
2046   10       1.98
2046   11       8.25
2046   12      28.49
2047   01      38.82
2047   02      25.27
2047   03      38.81
2047   04      20.44
2047   05       4.59
2047   06       0.36
2047   07       0.01
2047   08       0.00
2047   09       0.01
2047   10       0.09
2047   11       2.71
2047   12      14.47
2048   01      30.64
2048   02      29.22
2048   03      32.19
2048   04       9.77
2048   05       1.98
2048   06       0.69
2048   07       0.30
2048   08       0.00
2048   09       0.03
2048   10       0.71
2048   11       5.37
2048   12      22.70
2049   01      38.53
2049   02      43.60
2049   03      15.17
2049   04       5.53
2049   05       0.29
2049   06       0.04
2049   07       0.05
2049   08       0.00
2049   09       0.02
2049   10       0.57
2049   11       6.97
2049   12      24.66
2050   01      22.43
2050   02      32.89
2050   03      45.65
2050   04      18.79
2050   05       1.44
2050   06       0.05
2050   07       0.03
2050   08       0.03
2050   09       2.17
2050   10      18.34
2050   11      45.27
2050   12      25.77
2051   01      14.08
2051   02      27.24
2051   03      33.91
2051   04       7.02
2051   05       0.52
2051   06       0.01
2051   07       0.01
2051   08       0.01
2051   09       0.79
2051   10       3.06
2051   11      16.09
2051   12      53.15
2052   01      46.02
2052   02      13.14
2052   03       3.56
2052   04       0.89
2052   05       0.04
2052   06       0.12
2052   07       0.01
2052   08       0.07
2052   09       1.05
2052   10       8.63
2052   11       9.59
2052   12      38.29
2053   01      33.76
2053   02      29.15
2053   03      17.35
2053   04       2.24
2053   05       0.28
2053   06       0.00
2053   07       0.00
2053   08       0.00
2053   09       0.34
2053   10       9.54
2053   11      34.15
2053   12      29.67
2054   01      30.54
2054   02      22.69
2054   03      17.78
2054   04       0.57
2054   05       0.01
2054   06       0.00
2054   07       0.02
2054   08       0.20
2054   09       0.40
2054   10       5.65
2054   11      16.43
2054   12      23.48
2055   01      40.74
2055   02      29.90
2055   03       6.83
2055   04       2.23
2055   05       0.05
2055   06       0.00
2055   07       0.00
2055   08       0.29
2055   09       3.22
2055   10      13.12
2055   11      23.54
2055   12      35.55
2056   01      27.78
2056   02      29.43
2056   03       9.69
2056   04       0.29
2056   05       0.02
2056   06       0.01
2056   07       0.01
2056   08       0.48
2056   09       3.31
2056   10       8.50
2056   11      25.15
2056   12      43.98
2057   01      41.91
2057   02      25.19
2057   03       4.96
2057   04       0.12
2057   05       0.11
2057   06       0.01
2057   07       0.00
2057   08       0.19
2057   09       4.25
2057   10      12.15
2057   11      15.43
2057   12      18.98
2058   01      34.45
2058   02      36.19
2058   03       4.28
2058   04       0.07
2058   05       0.00
2058   06       0.00
2058   07       0.02
2058   08       0.32
2058   09       2.24
2058   10      23.97
2058   11      53.53
2058   12      19.75
2059   01      33.24
2059   02      11.78
2059   03       0.37
2059   04       0.01
2059   05       0.01
2059   06       0.00
2059   07       0.27
2059   08       1.76
2059   09       6.71
2059   10      27.90
2059   11      40.36
2059   12      27.73
2060   01      39.77
2060   02      17.27
2060   03       0.55
2060   04       0.10
2060   05       0.11
2060   06       0.01
2060   07       0.08
2060   08       2.00
2060   09      10.91
2060   10      33.17
2060   11      30.29
2060   12      33.61
2061   01      41.07
2061   02      19.90
2061   03       1.01
2061   04       0.02
2061   05       0.01
2061   06       0.00
2061   07       0.02
2061   08       2.04
2061   09      14.94
2061   10      26.41
2061   11      17.78
2061   12      34.86
2062   01      12.72
2062   02       1.18
2062   03       0.03
2062   04       0.00
2062   05       0.00
2062   06       0.00
2062   07       0.32
2062   08       2.05
2062   09      10.29
2062   10      29.58
2062   11      30.86
2062   12      31.43
2063   01      30.70
2063   02       2.36
2063   03       0.03
2063   04       0.00
2063   05       0.07
2063   06       0.08
2063   07       1.68
2063   08       6.75
2063   09      20.86
2063   10      35.77
2063   11      24.66
2063   12      50.00
2064   01      39.73
2064   02       4.20
2064   03       0.11
2064   04       0.04
2064   05       0.00
2064   06       0.00
2064   07       0.42
2064   08       6.05
2064   09      25.84
2064   10      18.11
2064   11      22.85
2064   12      30.03
2065   01       7.02
2065   02       1.41
2065   03       0.06
2065   04       0.00
2065   05       0.00
2065   06       0.00
2065   07       0.02
2065   08       1.05
2065   09      16.97
2065   10      49.84
2065   11      41.59
2065   12      26.71
2066   01       8.96
2066   02       0.12
2066   03       0.01
2066   04       0.01
2066   05       0.00
2066   06       0.01
2066   07       0.59
2066   08       8.31
2066   09      25.76
2066   10      24.30
2066   11      29.40
2066   12      26.07
2067   01       8.84
2067   02       0.18
2067   03       0.01
2067   04       0.01
2067   05       0.00
2067   06       0.00
2067   07       0.09
2067   08       3.62
2067   09      18.43
2067   10      22.62
2067   11      45.96
2067   12      54.09
2068   01      12.12
2068   02       0.31
2068   03       0.00
2068   04       0.00
2068   05       0.00
2068   06       0.08
2068   07       3.77
2068   08      14.35
2068   09      37.74
2068   10      43.26
2068   11      41.82
2068   12      27.11
2069   01       2.50
2069   02       0.03
2069   03       0.00
2069   04       0.00
2069   05       0.00
2069   06       0.00
2069   07       0.59
2069   08       6.92
2069   09      16.41
2069   10      24.60
2069   11      46.74
2069   12      44.78
2070   01       1.57
2070   02       0.01
2070   03       0.00
2070   04       0.00
2070   05       0.01
2070   06       0.39
2070   07       5.55
2070   08      21.46
2070   09      18.05
2070   10      39.40
2070   11      25.68
2070   12       8.27
2071   01       1.12
2071   02       0.01
2071   03       0.01
2071   04       0.01
2071   05       0.00
2071   06       0.35
2071   07       3.99
2071   08      19.50
2071   09      20.13
2071   10      41.95
2071   11      35.10
2071   12      12.20
2072   01       0.54
2072   02       0.01
2072   03       0.00
2072   04       0.00
2072   05       0.00
2072   06       0.09
2072   07       2.44
2072   08      20.79
2072   09      22.50
2072   10      37.92
2072   11      37.67
2072   12       8.22
2073   01       0.05
2073   02       0.00
2073   03       0.00
2073   04       0.00
2073   05       0.00
2073   06       0.00
2073   07       0.31
2073   08       7.61
2073   09      23.93
2073   10      47.28
2073   11      33.90
2073   12       9.00
2074   01       0.18
2074   02       0.00
2074   03       0.00
2074   04       0.01
2074   05       0.04
2074   06       1.10
2074   07      10.09
2074   08      31.63
2074   09      26.49
2074   10      21.97
2074   11      19.20
2074   12       3.00
2075   01       0.02
2075   02       0.01
2075   03       0.00
2075   04       0.00
2075   05       0.31
2075   06       6.99
2075   07      24.82
2075   08      30.17
2075   09      21.04
2075   10      24.81
2075   11      16.53
2075   12       0.84
2076   01       0.00
2076   02       0.00
2076   03       0.00
2076   04       0.00
2076   05       0.01
2076   06       0.80
2076   07      14.87
2076   08      27.50
2076   09      27.55
2076   10      47.80
2076   11      14.62
2076   12       0.22
2077   01       0.02
2077   02       0.00
2077   03       0.01
2077   04       0.00
2077   05       0.13
2077   06       3.94
2077   07      19.71
2077   08      41.23
2077   09      47.03
2077   10      30.85
2077   11      28.89
2077   12       2.55
2078   01       0.01
2078   02       0.00
2078   03       0.00
2078   04       0.07
2078   05       3.12
2078   06      23.41
2078   07      41.41
2078   08      31.05
2078   09      33.21
2078   10      26.00
2078   11       4.86
2078   12       0.08
2079   01       0.01
2079   02       0.00
2079   03       0.00
2079   04       0.01
2079   05       0.34
2079   06       6.12
2079   07      30.65
2079   08      27.76
2079   09      42.94
2079   10      32.83
2079   11       1.80
2079   12       0.43
2080   01       0.01
2080   02       0.00
2080   03       0.03
2080   04       0.12
2080   05       1.66
2080   06      13.20
2080   07      30.17
2080   08      28.75
2080   09      16.85
2080   10       4.31
2080   11       0.59
2080   12       0.04
2081   01       0.00
2081   02       0.00
2081   03       0.00
2081   04       0.04
2081   05       2.47
2081   06      13.49
2081   07      18.99
2081   08      31.14
2081   09      25.08
2081   10      17.87
2081   11       1.86
2081   12       0.10
2082   01       0.05
2082   02       0.01
2082   03       0.00
2082   04       0.00
2082   05       0.25
2082   06       7.23
2082   07      18.44
2082   08      34.12
2082   09      27.53
2082   10       4.82
2082   11       0.33
2082   12       0.05
2083   01       0.00
2083   02       0.00
2083   03       0.00
2083   04       0.00
2083   05       0.31
2083   06       6.69
2083   07      18.55
2083   08      47.14
2083   09      43.82
2083   10      17.95
2083   11       0.86
2083   12       0.02
2084   01       0.00
2084   02       0.00
2084   03       0.00
2084   04       0.02
2084   05       1.92
2084   06      12.01
2084   07      25.30
2084   08      31.93
2084   09      23.07
2084   10      16.48
2084   11       0.27
2084   12       0.02
2085   01       0.00
2085   02       0.00
2085   03       0.00
2085   04       0.01
2085   05       1.28
2085   06      16.28
2085   07      40.59
2085   08      37.86
2085   09      21.15
2085   10       1.36
2085   11       0.09
2085   12       0.00
2086   01       0.01
2086   02       0.02
2086   03       0.74
2086   04       9.93
2086   05      17.79
2086   06      30.91
2086   07      35.84
2086   08      31.37
2086   09      22.39
2086   10       4.98
2086   11       0.08
2086   12       0.00
2087   01       0.00
2087   02       0.00
2087   03       0.00
2087   04       0.01
2087   05       0.54
2087   06       5.54
2087   07      18.89
2087   08      16.64
2087   09      12.61
2087   10       0.27
2087   11       0.02
2087   12       0.00
2088   01       0.00
2088   02       0.00
2088   03       0.00
2088   04       0.02
2088   05       1.97
2088   06      11.86
2088   07      32.15
2088   08      26.09
2088   09      12.27
2088   10       3.00
2088   11       0.01
2088   12       0.00
2089   01       0.00
2089   02       0.00
2089   03       0.02
2089   04       0.77
2089   05      13.59
2089   06      27.73
2089   07      37.44
2089   08      57.54
2089   09      39.03
2089   10       3.29
2089   11       0.01
2089   12       0.00
2090   01       0.00
2090   02       0.00
2090   03       0.00
2090   04       0.07
2090   05       4.12
2090   06      17.42
2090   07      39.92
2090   08      37.86
2090   09       4.63
2090   10       0.10
2090   11       0.00
2090   12       0.00
