2025   01       0.21
2025   02       0.58
2025   03       7.56
2025   04      16.56
2025   05       6.95
2025   06      11.59
2025   07      24.91
2025   08      30.98
2025   09       2.51
2025   10       0.10
2025   11       0.08
2025   12       0.13
2026   01       0.64
2026   02       1.59
2026   03      11.52
2026   04      23.68
2026   05      27.34
2026   06      32.56
2026   07      22.29
2026   08      12.17
2026   09       1.16
2026   10       0.11
2026   11       0.01
2026   12       0.02
2027   01       1.71
2027   02       1.88
2027   03       8.05
2027   04      22.79
2027   05      15.35
2027   06      24.89
2027   07      21.89
2027   08      11.25
2027   09       0.56
2027   10       0.02
2027   11       0.02
2027   12       0.03
2028   01       2.04
2028   02      16.52
2028   03      37.33
2028   04      41.16
2028   05      18.45
2028   06      16.67
2028   07      20.50
2028   08       6.19
2028   09       0.24
2028   10       0.01
2028   11       0.02
2028   12       0.43
2029   01       2.22
2029   02       3.16
2029   03      12.34
2029   04      20.87
2029   05      20.73
2029   06      30.57
2029   07      22.21
2029   08       4.84
2029   09       0.10
2029   10       0.03
2029   11       0.01
2029   12       0.34
2030   01       2.40
2030   02       1.52
2030   03       9.13
2030   04      22.99
2030   05      23.50
2030   06      25.19
2030   07      11.25
2030   08       2.79
2030   09       0.05
2030   10       0.00
2030   11       0.00
2030   12       0.41
2031   01       4.33
2031   02      17.36
2031   03      16.89
2031   04      20.37
2031   05      27.94
2031   06      20.34
2031   07      16.59
2031   08       0.43
2031   09       0.05
2031   10       0.09
2031   11       0.04
2031   12       0.42
2032   01       0.35
2032   02       4.12
2032   03      12.65
2032   04      26.85
2032   05      30.89
2032   06      22.28
2032   07       4.01
2032   08       0.11
2032   09       0.01
2032   10       0.08
2032   11       0.05
2032   12       2.13
2033   01       5.17
2033   02      10.10
2033   03      28.43
2033   04      33.02
2033   05      30.55
2033   06      18.51
2033   07      10.79
2033   08       0.61
2033   09       0.02
2033   10       0.01
2033   11       0.05
2033   12       2.05
2034   01       4.80
2034   02      19.66
2034   03      28.76
2034   04      24.85
2034   05      35.11
2034   06      34.70
2034   07       7.81
2034   08       0.15
2034   09       0.00
2034   10       0.00
2034   11       0.01
2034   12       0.24
2035   01       4.82
2035   02      12.08
2035   03      23.29
2035   04      23.39
2035   05      17.39
2035   06       8.15
2035   07       2.22
2035   08       0.04
2035   09       0.00
2035   10       0.00
2035   11       0.01
2035   12       0.09
2036   01       2.90
2036   02      12.91
2036   03      26.33
2036   04      35.71
2036   05      18.12
2036   06      21.91
2036   07       2.05
2036   08       0.04
2036   09       0.02
2036   10       0.02
2036   11       0.09
2036   12       5.40
2037   01      23.50
2037   02      24.50
2037   03      12.63
2037   04      22.88
2037   05      29.38
2037   06      11.15
2037   07       0.59
2037   08       0.01
2037   09       0.01
2037   10       0.01
2037   11       1.03
2037   12       2.49
2038   01      11.98
2038   02      26.28
2038   03      13.35
2038   04      27.40
2038   05      23.68
2038   06       5.13
2038   07       0.14
2038   08       0.01
2038   09       0.00
2038   10       0.03
2038   11       0.12
2038   12       2.02
2039   01       7.97
2039   02      28.70
2039   03      35.52
2039   04      37.67
2039   05      27.69
2039   06       2.24
2039   07       0.13
2039   08       0.16
2039   09       0.00
2039   10       0.00
2039   11       0.03
2039   12       0.37
2040   01       7.49
2040   02      16.23
2040   03      28.03
2040   04      24.53
2040   05       4.06
2040   06       0.13
2040   07       0.04
2040   08       0.01
2040   09       0.00
2040   10       0.04
2040   11       1.84
2040   12       6.72
2041   01      13.52
2041   02      33.00
2041   03      41.52
2041   04      34.71
2041   05      28.34
2041   06       2.68
2041   07       0.09
2041   08       0.00
2041   09       0.00
2041   10       0.06
2041   11       3.23
2041   12      14.87
2042   01      28.27
2042   02      29.12
2042   03      20.00
2042   04      21.93
2042   05      23.52
2042   06       3.68
2042   07       0.11
2042   08       0.05
2042   09       0.05
2042   10       1.04
2042   11       6.86
2042   12      16.36
2043   01      20.88
2043   02      17.44
2043   03      28.46
2043   04      25.09
2043   05       8.17
2043   06       0.17
2043   07       0.04
2043   08       0.09
2043   09       0.04
2043   10       1.55
2043   11       8.33
2043   12      17.95
2044   01      27.48
2044   02      24.97
2044   03      24.75
2044   04       8.74
2044   05       6.64
2044   06       0.29
2044   07       1.34
2044   08       0.14
2044   09       0.05
2044   10       0.41
2044   11       5.05
2044   12       9.67
2045   01      18.90
2045   02      20.09
2045   03      34.55
2045   04      14.39
2045   05       5.45
2045   06       0.36
2045   07       0.01
2045   08       0.03
2045   09       0.27
2045   10       2.07
2045   11      10.60
2045   12      15.88
2046   01      21.17
2046   02      25.10
2046   03      41.59
2046   04      22.45
2046   05       3.23
2046   06       0.05
2046   07       0.07
2046   08       0.01
2046   09       0.27
2046   10       2.59
2046   11      16.04
2046   12      39.73
2047   01      16.29
2047   02      19.25
2047   03      25.18
2047   04      13.26
2047   05       0.74
2047   06       0.01
2047   07       0.01
2047   08       0.02
2047   09       0.01
2047   10       0.46
2047   11       9.85
2047   12      32.75
2048   01      34.07
2048   02      23.73
2048   03      13.68
2048   04       7.43
2048   05       0.57
2048   06       0.22
2048   07       0.01
2048   08       0.01
2048   09       0.04
2048   10       0.03
2048   11       1.53
2048   12       9.79
2049   01      18.69
2049   02      26.29
2049   03      20.56
2049   04      17.62
2049   05       0.76
2049   06       0.01
2049   07       0.02
2049   08       0.02
2049   09       0.39
2049   10       1.89
2049   11      10.77
2049   12      29.92
2050   01      37.52
2050   02      35.34
2050   03      12.90
2050   04       3.34
2050   05       0.05
2050   06       0.02
2050   07       0.14
2050   08       0.76
2050   09       1.78
2050   10       8.30
2050   11      14.35
2050   12      28.81
2051   01      28.51
2051   02      18.97
2051   03      18.06
2051   04       2.27
2051   05       0.10
2051   06       0.10
2051   07       0.01
2051   08       0.46
2051   09       0.43
2051   10       5.33
2051   11      24.09
2051   12      28.08
2052   01      22.01
2052   02      27.04
2052   03      14.28
2052   04       7.14
2052   05       0.26
2052   06       0.01
2052   07       0.01
2052   08       0.13
2052   09       1.47
2052   10       5.81
2052   11      15.07
2052   12      40.32
2053   01      35.42
2053   02      20.97
2053   03       9.66
2053   04       1.25
2053   05       0.02
2053   06       0.00
2053   07       0.00
2053   08       0.22
2053   09       1.87
2053   10       3.01
2053   11      18.48
2053   12      35.81
2054   01      38.06
2054   02      10.53
2054   03       6.44
2054   04       1.37
2054   05       0.02
2054   06       0.01
2054   07       0.01
2054   08       0.41
2054   09       9.69
2054   10      12.75
2054   11      24.74
2054   12      17.98
2055   01      22.81
2055   02      23.19
2055   03      11.21
2055   04       0.38
2055   05       0.01
2055   06       0.01
2055   07       0.04
2055   08       0.28
2055   09       2.48
2055   10      19.47
2055   11      33.68
2055   12      14.84
2056   01      33.60
2056   02      24.70
2056   03       2.95
2056   04       0.54
2056   05       0.10
2056   06       0.04
2056   07       0.05
2056   08       1.09
2056   09       7.17
2056   10      14.47
2056   11      21.94
2056   12      29.68
2057   01      34.57
2057   02      18.09
2057   03       6.32
2057   04       0.29
2057   05       0.05
2057   06       0.01
2057   07       0.08
2057   08       2.89
2057   09      10.10
2057   10      24.03
2057   11      34.72
2057   12      19.92
2058   01      26.37
2058   02      16.39
2058   03       4.79
2058   04       0.82
2058   05       0.72
2058   06       0.21
2058   07       0.39
2058   08       5.73
2058   09      14.21
2058   10      25.17
2058   11      26.53
2058   12      22.67
2059   01      35.60
2059   02       7.46
2059   03       0.20
2059   04       0.02
2059   05       0.04
2059   06       0.18
2059   07       0.17
2059   08       0.87
2059   09       8.20
2059   10      20.91
2059   11      20.92
2059   12      21.89
2060   01      26.24
2060   02       9.34
2060   03       0.54
2060   04       0.02
2060   05       0.06
2060   06       0.01
2060   07       0.06
2060   08       3.59
2060   09       7.79
2060   10      28.80
2060   11      34.00
2060   12      27.84
2061   01      13.26
2061   02       1.23
2061   03       0.07
2061   04       0.00
2061   05       0.01
2061   06       0.03
2061   07       0.53
2061   08       3.12
2061   09       8.13
2061   10      36.44
2061   11      38.35
2061   12      48.38
2062   01      20.89
2062   02       1.87
2062   03       0.83
2062   04       0.01
2062   05       0.02
2062   06       0.03
2062   07       0.14
2062   08       4.32
2062   09       9.96
2062   10      32.47
2062   11      27.59
2062   12      28.54
2063   01      23.30
2063   02       7.86
2063   03       2.29
2063   04       0.04
2063   05       0.01
2063   06       0.04
2063   07       1.47
2063   08      17.46
2063   09      37.17
2063   10      24.69
2063   11      17.62
2063   12      24.97
2064   01      17.14
2064   02       2.37
2064   03       0.08
2064   04       0.07
2064   05       0.19
2064   06       1.34
2064   07       8.52
2064   08      14.68
2064   09      26.19
2064   10      35.65
2064   11      27.07
2064   12      32.84
2065   01      21.44
2065   02       0.90
2065   03       0.03
2065   04       0.07
2065   05       0.03
2065   06       0.05
2065   07       0.15
2065   08       2.17
2065   09      12.63
2065   10      37.74
2065   11      35.05
2065   12      44.44
2066   01      11.76
2066   02       0.22
2066   03       0.01
2066   04       0.00
2066   05       0.03
2066   06       0.02
2066   07       0.72
2066   08       7.87
2066   09      24.12
2066   10      33.52
2066   11      29.66
2066   12      24.85
2067   01      13.94
2067   02       0.55
2067   03       0.14
2067   04       0.00
2067   05       0.06
2067   06       0.82
2067   07       9.92
2067   08      16.70
2067   09      29.60
2067   10      27.21
2067   11      22.52
2067   12      16.27
2068   01       2.53
2068   02       0.03
2068   03       0.00
2068   04       0.01
2068   05       0.01
2068   06       0.57
2068   07       6.17
2068   08      23.27
2068   09      29.97
2068   10      11.88
2068   11      19.89
2068   12      12.30
2069   01       7.00
2069   02       0.45
2069   03       0.01
2069   04       0.07
2069   05       0.08
2069   06       1.74
2069   07       7.77
2069   08      32.49
2069   09      29.07
2069   10      21.75
2069   11      27.78
2069   12      27.23
2070   01       1.53
2070   02       0.02
2070   03       0.00
2070   04       0.00
2070   05       0.17
2070   06       4.26
2070   07      18.10
2070   08      39.20
2070   09      21.32
2070   10      28.05
2070   11      19.00
2070   12      21.75
2071   01       1.98
2071   02       0.03
2071   03       0.01
2071   04       0.01
2071   05       0.01
2071   06       0.35
2071   07       8.32
2071   08      27.89
2071   09      25.39
2071   10      21.09
2071   11      23.41
2071   12      20.78
2072   01       2.02
2072   02       0.02
2072   03       0.02
2072   04       0.03
2072   05       0.06
2072   06       0.70
2072   07       7.55
2072   08      24.20
2072   09      33.95
2072   10      43.50
2072   11      16.45
2072   12       7.86
2073   01       0.43
2073   02       0.28
2073   03       0.03
2073   04       0.01
2073   05       0.05
2073   06       1.92
2073   07       9.93
2073   08      40.76
2073   09      32.61
2073   10      35.58
2073   11      25.70
2073   12       6.53
2074   01       0.15
2074   02       0.01
2074   03       0.01
2074   04       0.17
2074   05       0.34
2074   06       4.45
2074   07      12.41
2074   08      20.41
2074   09      13.71
2074   10      23.50
2074   11       9.31
2074   12       1.63
2075   01       0.12
2075   02       0.01
2075   03       0.04
2075   04       0.06
2075   05       2.55
2075   06      19.19
2075   07      34.90
2075   08      29.16
2075   09      20.52
2075   10      21.28
2075   11      21.05
2075   12       4.13
2076   01       0.06
2076   02       0.05
2076   03       0.11
2076   04       0.35
2076   05       1.30
2076   06      15.29
2076   07      36.64
2076   08      35.76
2076   09      24.34
2076   10      13.50
2076   11       8.65
2076   12       3.47
2077   01       0.14
2077   02       0.01
2077   03       0.02
2077   04       0.32
2077   05       2.56
2077   06       8.81
2077   07      20.28
2077   08      10.01
2077   09      23.44
2077   10      13.60
2077   11      12.79
2077   12       0.94
2078   01       0.14
2078   02       0.11
2078   03       0.01
2078   04       0.06
2078   05       2.32
2078   06      10.69
2078   07      23.97
2078   08      26.48
2078   09      31.71
2078   10      19.94
2078   11      10.37
2078   12       0.35
2079   01       0.01
2079   02       0.08
2079   03       0.29
2079   04       0.22
2079   05       3.93
2079   06      16.50
2079   07      32.32
2079   08      15.55
2079   09      23.99
2079   10      11.23
2079   11       0.60
2079   12       0.02
2080   01       0.01
2080   02       0.01
2080   03       0.01
2080   04       0.09
2080   05       4.10
2080   06      19.61
2080   07      19.05
2080   08      19.13
2080   09      28.94
2080   10      24.84
2080   11       4.24
2080   12       0.08
2081   01       0.02
2081   02       0.06
2081   03       1.14
2081   04       8.38
2081   05      18.87
2081   06      26.12
2081   07      27.37
2081   08      22.61
2081   09      19.82
2081   10      21.67
2081   11       3.31
2081   12       0.09
2082   01       0.03
2082   02       0.00
2082   03       0.01
2082   04       0.62
2082   05      10.28
2082   06      17.78
2082   07      24.10
2082   08      23.01
2082   09      28.95
2082   10      19.39
2082   11       1.42
2082   12       0.02
2083   01       0.01
2083   02       0.03
2083   03       1.36
2083   04       5.33
2083   05      13.58
2083   06      21.67
2083   07      27.09
2083   08      25.93
2083   09      33.32
2083   10       6.01
2083   11       0.09
2083   12       0.00
2084   01       0.00
2084   02       0.02
2084   03       0.31
2084   04       1.06
2084   05      11.10
2084   06      36.60
2084   07      42.18
2084   08      30.47
2084   09      35.14
2084   10      10.67
2084   11       0.35
2084   12       0.06
2085   01       0.01
2085   02       0.00
2085   03       0.19
2085   04       4.09
2085   05      24.80
2085   06      28.28
2085   07      16.34
2085   08      14.62
2085   09      10.14
2085   10       1.01
2085   11       0.25
2085   12       0.27
2086   01       0.13
2086   02       0.00
2086   03       0.50
2086   04       6.08
2086   05      23.50
2086   06      45.27
2086   07      33.52
2086   08      34.07
2086   09      17.34
2086   10       1.39
2086   11       0.02
2086   12       0.03
2087   01       0.02
2087   02       0.00
2087   03       0.08
2087   04       2.66
2087   05      13.29
2087   06      12.28
2087   07      27.03
2087   08      29.72
2087   09      16.65
2087   10       1.01
2087   11       0.04
2087   12       0.02
2088   01       0.03
2088   02       0.06
2088   03       0.52
2088   04       4.20
2088   05      19.40
2088   06      24.14
2088   07      35.23
2088   08      23.05
2088   09      15.55
2088   10       3.45
2088   11       0.10
2088   12       0.00
2089   01       0.03
2089   02       0.04
2089   03       0.17
2089   04       4.69
2089   05      23.68
2089   06      23.89
2089   07      35.08
2089   08      36.14
2089   09       8.95
2089   10       0.57
2089   11       0.01
2089   12       0.01
2090   01       0.10
2090   02       1.31
2090   03       3.41
2090   04      11.35
2090   05      24.07
2090   06      20.30
2090   07      35.46
2090   08      39.72
2090   09       9.98
2090   10       0.24
2090   11       0.01
2090   12       0.01
