2025   01       1.34
2025   02       5.86
2025   03      68.49
2025   04     121.68
2025   05      34.40
2025   06      47.35
2025   07     112.66
2025   08     121.18
2025   09      12.28
2025   10       0.61
2025   11       0.66
2025   12       0.90
2026   01       3.58
2026   02      14.07
2026   03      94.13
2026   04     124.88
2026   05     111.06
2026   06     142.86
2026   07     107.21
2026   08      63.41
2026   09       6.81
2026   10       0.14
2026   11       0.03
2026   12       0.10
2027   01      11.69
2027   02      17.87
2027   03      64.88
2027   04     136.98
2027   05      55.21
2027   06     104.70
2027   07      85.60
2027   08      41.61
2027   09       1.80
2027   10       0.05
2027   11       0.20
2027   12       0.40
2028   01      17.84
2028   02     129.46
2028   03     191.95
2028   04     155.31
2028   05      78.42
2028   06      92.44
2028   07     116.63
2028   08      36.01
2028   09       3.15
2028   10       0.20
2028   11       0.09
2028   12       3.47
2029   01      17.94
2029   02      36.18
2029   03      94.80
2029   04      83.20
2029   05      86.47
2029   06     124.84
2029   07      88.18
2029   08      20.99
2029   09       0.47
2029   10       0.36
2029   11       0.14
2029   12       3.52
2030   01      20.14
2030   02      11.81
2030   03      74.26
2030   04     129.76
2030   05      94.96
2030   06     108.69
2030   07      52.65
2030   08      12.74
2030   09       0.22
2030   10       0.03
2030   11       0.05
2030   12       2.14
2031   01      29.79
2031   02     110.61
2031   03      89.26
2031   04      93.17
2031   05     121.82
2031   06      93.37
2031   07      56.15
2031   08       1.71
2031   09       0.11
2031   10       0.43
2031   11       0.40
2031   12       3.61
2032   01       3.14
2032   02      37.27
2032   03      96.01
2032   04     117.19
2032   05     119.44
2032   06     106.21
2032   07      23.32
2032   08       0.97
2032   09       0.11
2032   10       0.64
2032   11       0.28
2032   12      15.54
2033   01      46.16
2033   02      57.16
2033   03     119.94
2033   04     126.19
2033   05     140.07
2033   06      89.25
2033   07      47.99
2033   08       2.63
2033   09       0.07
2033   10       0.03
2033   11       0.23
2033   12      13.83
2034   01      46.19
2034   02     124.69
2034   03     125.97
2034   04     102.63
2034   05     146.25
2034   06     166.61
2034   07      39.57
2034   08       0.75
2034   09       0.04
2034   10       0.03
2034   11       0.03
2034   12       1.55
2035   01      31.93
2035   02      88.05
2035   03     114.60
2035   04      88.37
2035   05      82.07
2035   06      41.05
2035   07      11.41
2035   08       0.39
2035   09       0.02
2035   10       0.03
2035   11       0.06
2035   12       0.91
2036   01      29.32
2036   02     112.00
2036   03     117.02
2036   04     135.73
2036   05      71.46
2036   06      97.29
2036   07       8.18
2036   08       0.74
2036   09       0.46
2036   10       0.17
2036   11       0.19
2036   12      19.31
2037   01     138.52
2037   02     124.92
2037   03      56.61
2037   04     102.78
2037   05     129.80
2037   06      57.58
2037   07       4.32
2037   08       0.06
2037   09       0.04
2037   10       0.19
2037   11      12.87
2037   12      30.34
2038   01     105.00
2038   02     131.01
2038   03      53.15
2038   04     116.84
2038   05      99.22
2038   06      22.14
2038   07       0.66
2038   08       0.03
2038   09       0.03
2038   10       0.16
2038   11       1.07
2038   12      21.14
2039   01      83.54
2039   02     172.20
2039   03     148.47
2039   04     169.26
2039   05     129.36
2039   06      13.83
2039   07       1.00
2039   08       1.59
2039   09       0.03
2039   10       0.01
2039   11       0.22
2039   12       3.13
2040   01      63.90
2040   02     128.78
2040   03      97.28
2040   04      90.32
2040   05      23.94
2040   06       1.23
2040   07       0.09
2040   08       0.03
2040   09       0.02
2040   10       0.44
2040   11      23.97
2040   12      71.11
2041   01      86.64
2041   02     137.82
2041   03     148.33
2041   04     148.42
2041   05     129.60
2041   06      13.30
2041   07       0.58
2041   08       0.02
2041   09       0.02
2041   10       0.57
2041   11      26.94
2041   12     115.17
2042   01     129.26
2042   02     107.40
2042   03      87.96
2042   04     105.65
2042   05     109.57
2042   06      14.18
2042   07       0.31
2042   08       0.44
2042   09       0.27
2042   10       7.14
2042   11      61.35
2042   12     112.55
2043   01      88.83
2043   02      72.24
2043   03     133.84
2043   04     103.72
2043   05      35.05
2043   06       1.08
2043   07       0.26
2043   08       0.85
2043   09       0.44
2043   10      13.33
2043   11      66.23
2043   12     106.01
2044   01     111.90
2044   02     102.55
2044   03     120.52
2044   04      43.05
2044   05      34.17
2044   06       1.80
2044   07       7.03
2044   08       0.63
2044   09       0.27
2044   10       2.16
2044   11      40.91
2044   12      70.93
2045   01      98.36
2045   02      67.71
2045   03     125.89
2045   04      70.99
2045   05      28.02
2045   06       1.72
2045   07       0.04
2045   08       0.22
2045   09       2.58
2045   10      24.12
2045   11      89.31
2045   12      75.47
2046   01     103.20
2046   02     115.75
2046   03     177.90
2046   04      90.84
2046   05      16.49
2046   06       0.30
2046   07       0.48
2046   08       0.16
2046   09       2.06
2046   10      25.37
2046   11     127.12
2046   12     169.80
2047   01      67.64
2047   02      87.43
2047   03     122.09
2047   04      54.69
2047   05       2.86
2047   06       0.05
2047   07       0.02
2047   08       0.04
2047   09       0.05
2047   10       3.38
2047   11      71.89
2047   12     194.04
2048   01     145.05
2048   02      95.94
2048   03      56.36
2048   04      34.08
2048   05       3.43
2048   06       1.56
2048   07       0.04
2048   08       0.04
2048   09       0.30
2048   10       0.30
2048   11      15.32
2048   12      87.66
2049   01     101.02
2049   02     116.38
2049   03      93.92
2049   04      73.48
2049   05       3.33
2049   06       0.04
2049   07       0.02
2049   08       0.12
2049   09       2.78
2049   10      13.57
2049   11      81.27
2049   12     161.31
2050   01     129.00
2050   02     151.42
2050   03      71.91
2050   04      25.78
2050   05       0.57
2050   06       0.35
2050   07       1.06
2050   08       7.39
2050   09      16.46
2050   10      76.41
2050   11      91.15
2050   12     126.82
2051   01     112.44
2051   02      77.36
2051   03     100.79
2051   04      13.27
2051   05       0.72
2051   06       0.62
2051   07       0.04
2051   08       2.34
2051   09       4.60
2051   10      46.66
2051   11     141.48
2051   12     119.73
2052   01      71.95
2052   02     132.24
2052   03      73.13
2052   04      33.62
2052   05       1.44
2052   06       0.13
2052   07       0.10
2052   08       1.38
2052   09      14.13
2052   10      49.77
2052   11     103.31
2052   12     173.29
2053   01     139.30
2053   02      96.54
2053   03      49.38
2053   04       7.46
2053   05       0.11
2053   06       0.02
2053   07       0.02
2053   08       1.29
2053   09      13.73
2053   10      34.04
2053   11     119.37
2053   12     144.81
2054   01     149.69
2054   02      55.55
2054   03      31.88
2054   04       7.60
2054   05       0.24
2054   06       0.03
2054   07       0.07
2054   08       3.04
2054   09      68.11
2054   10      88.72
2054   11      86.51
2054   12      69.05
2055   01      94.69
2055   02     101.97
2055   03      52.13
2055   04       2.18
2055   05       0.05
2055   06       0.02
2055   07       0.11
2055   08       2.06
2055   09      23.00
2055   10     142.05
2055   11     158.13
2055   12      67.15
2056   01     145.38
2056   02     104.60
2056   03      13.44
2056   04       3.17
2056   05       0.90
2056   06       0.33
2056   07       0.30
2056   08       6.64
2056   09      51.71
2056   10      93.21
2056   11      88.64
2056   12     116.93
2057   01     143.95
2057   02      88.49
2057   03      32.37
2057   04       1.47
2057   05       0.11
2057   06       0.07
2057   07       0.48
2057   08      20.34
2057   09      82.62
2057   10     132.24
2057   11     143.94
2057   12     102.04
2058   01     140.02
2058   02      80.82
2058   03      21.84
2058   04       4.09
2058   05       4.91
2058   06       1.39
2058   07       2.30
2058   08      39.61
2058   09     104.01
2058   10     107.09
2058   11     119.43
2058   12      96.63
2059   01     129.85
2059   02      34.58
2059   03       1.14
2059   04       0.13
2059   05       0.67
2059   06       1.48
2059   07       1.18
2059   08       8.54
2059   09      69.76
2059   10     112.67
2059   11      80.91
2059   12      95.09
2060   01     116.64
2060   02      37.29
2060   03       2.14
2060   04       0.07
2060   05       0.39
2060   06       0.18
2060   07       0.59
2060   08      31.05
2060   09      66.63
2060   10     141.48
2060   11     128.95
2060   12     127.11
2061   01      68.66
2061   02       8.07
2061   03       0.24
2061   04       0.02
2061   05       0.12
2061   06       0.55
2061   07       4.91
2061   08      25.45
2061   09      67.95
2061   10     165.70
2061   11     147.08
2061   12     197.73
2062   01     100.98
2062   02      10.66
2062   03       5.33
2062   04       0.07
2062   05       0.07
2062   06       0.18
2062   07       1.67
2062   08      45.66
2062   09      90.23
2062   10     151.22
2062   11     121.89
2062   12     144.74
2063   01     113.17
2063   02      35.88
2063   03      12.78
2063   04       0.32
2063   05       0.09
2063   06       0.11
2063   07       4.48
2063   08      89.61
2063   09     198.40
2063   10     100.19
2063   11      79.86
2063   12     118.42
2064   01      74.21
2064   02      12.84
2064   03       0.41
2064   04       0.42
2064   05       1.19
2064   06       6.53
2064   07      57.29
2064   08      91.51
2064   09     129.07
2064   10     156.34
2064   11     113.35
2064   12     149.95
2065   01      80.65
2065   02       3.40
2065   03       0.14
2065   04       0.16
2065   05       0.29
2065   06       0.51
2065   07       1.68
2065   08      18.69
2065   09     105.02
2065   10     186.72
2065   11     146.07
2065   12     204.41
2066   01      57.20
2066   02       1.31
2066   03       0.12
2066   04       0.02
2066   05       0.18
2066   06       0.13
2066   07       5.04
2066   08      65.03
2066   09     140.22
2066   10     139.78
2066   11     129.82
2066   12     105.70
2067   01      67.71
2067   02       2.67
2067   03       0.53
2067   04       0.03
2067   05       0.66
2067   06       7.71
2067   07      87.67
2067   08     106.96
2067   09     128.64
2067   10     124.06
2067   11     120.36
2067   12      79.07
2068   01      13.66
2068   02       0.17
2068   03       0.03
2068   04       0.08
2068   05       0.10
2068   06       3.78
2068   07      52.62
2068   08     154.48
2068   09     127.87
2068   10      59.91
2068   11     109.09
2068   12      59.62
2069   01      32.36
2069   02       2.47
2069   03       0.16
2069   04       1.00
2069   05       2.18
2069   06      19.28
2069   07      74.79
2069   08     185.49
2069   09     124.35
2069   10      80.57
2069   11     103.06
2069   12     125.58
2070   01       9.03
2070   02       0.49
2070   03       0.03
2070   04       0.04
2070   05       1.22
2070   06      29.75
2070   07     135.69
2070   08     187.13
2070   09      98.65
2070   10     127.15
2070   11      85.54
2070   12      99.05
2071   01       8.69
2071   02       0.56
2071   03       0.03
2071   04       0.05
2071   05       0.02
2071   06       1.25
2071   07      40.14
2071   08     158.62
2071   09     123.72
2071   10     101.33
2071   11     126.67
2071   12      85.25
2072   01       8.24
2072   02       0.09
2072   03       0.05
2072   04       0.15
2072   05       0.44
2072   06       6.02
2072   07      68.16
2072   08     146.20
2072   09     127.63
2072   10     160.17
2072   11      82.36
2072   12      33.91
2073   01       2.04
2073   02       1.22
2073   03       0.10
2073   04       0.11
2073   05       0.78
2073   06      21.26
2073   07     112.37
2073   08     228.11
2073   09     132.98
2073   10     153.28
2073   11     123.88
2073   12      30.20
2074   01       0.67
2074   02       0.06
2074   03       0.02
2074   04       0.78
2074   05       1.95
2074   06      35.79
2074   07      97.75
2074   08     110.90
2074   09      46.54
2074   10      98.13
2074   11      52.04
2074   12      10.87
2075   01       0.49
2075   02       0.07
2075   03       0.31
2075   04       0.88
2075   05      31.26
2075   06     160.39
2075   07     153.27
2075   08      99.05
2075   09      74.59
2075   10     107.55
2075   11      91.54
2075   12      16.01
2076   01       0.23
2076   02       0.28
2076   03       0.40
2076   04       1.47
2076   05       8.52
2076   06     113.98
2076   07     183.20
2076   08     128.92
2076   09     109.95
2076   10      95.77
2076   11      40.60
2076   12      20.83
2077   01       1.11
2077   02       0.03
2077   03       0.14
2077   04       2.28
2077   05      22.87
2077   06      69.14
2077   07     111.14
2077   08      54.23
2077   09     105.98
2077   10      64.99
2077   11      56.26
2077   12       5.68
2078   01       0.97
2078   02       1.17
2078   03       0.16
2078   04       0.52
2078   05      21.13
2078   06      92.77
2078   07     106.64
2078   08     122.50
2078   09     137.32
2078   10      78.79
2078   11      47.56
2078   12       1.78
2079   01       0.06
2079   02       0.28
2079   03       3.37
2079   04       2.41
2079   05      40.65
2079   06     130.97
2079   07     137.94
2079   08      45.86
2079   09     101.15
2079   10      54.23
2079   11       3.00
2079   12       0.17
2080   01       0.02
2080   02       0.05
2080   03       0.19
2080   04       0.93
2080   05      38.47
2080   06     155.55
2080   07      86.51
2080   08      67.29
2080   09     141.68
2080   10      97.65
2080   11      15.21
2080   12       0.28
2081   01       0.16
2081   02       0.32
2081   03       8.04
2081   04      70.27
2081   05     118.15
2081   06      97.56
2081   07     109.97
2081   08      96.46
2081   09     103.61
2081   10      99.60
2081   11      13.29
2081   12       0.41
2082   01       0.08
2082   02       0.08
2082   03       0.07
2082   04       3.30
2082   05      70.45
2082   06     114.55
2082   07      94.43
2082   08     105.10
2082   09     101.14
2082   10      70.15
2082   11       5.04
2082   12       0.09
2083   01       0.22
2083   02       0.15
2083   03       7.33
2083   04      44.75
2083   05      86.24
2083   06      96.88
2083   07     134.98
2083   08     129.17
2083   09     143.02
2083   10      23.06
2083   11       0.42
2083   12       0.04
2084   01       0.03
2084   02       0.11
2084   03       2.56
2084   04      10.99
2084   05     109.70
2084   06     181.55
2084   07     142.13
2084   08     142.90
2084   09     164.87
2084   10      58.39
2084   11       2.31
2084   12       0.50
2085   01       0.12
2085   02       0.08
2085   03       3.23
2085   04      42.68
2085   05     192.06
2085   06     124.76
2085   07      66.49
2085   08      77.65
2085   09      45.67
2085   10       5.50
2085   11       1.60
2085   12       3.41
2086   01       0.85
2086   02       0.03
2086   03       4.06
2086   04      56.77
2086   05     176.84
2086   06     168.33
2086   07     151.63
2086   08     163.99
2086   09      81.58
2086   10       6.26
2086   11       0.08
2086   12       0.23
2087   01       0.36
2087   02       0.03
2087   03       0.46
2087   04      19.10
2087   05     107.93
2087   06      56.31
2087   07      89.21
2087   08     122.63
2087   09      70.86
2087   10       3.88
2087   11       0.37
2087   12       0.15
2088   01       0.33
2088   02       0.84
2088   03       6.62
2088   04      43.01
2088   05     140.36
2088   06      98.08
2088   07     118.52
2088   08     109.78
2088   09      77.27
2088   10      19.16
2088   11       0.48
2088   12       0.02
2089   01       0.35
2089   02       0.50
2089   03       2.27
2089   04      45.66
2089   05     161.22
2089   06     117.22
2089   07     137.37
2089   08     157.45
2089   09      49.64
2089   10       2.83
2089   11       0.05
2089   12       0.26
2090   01       0.76
2090   02      12.09
2090   03      29.98
2090   04      90.71
2090   05     115.06
2090   06      95.67
2090   07     126.90
2090   08     176.50
2090   09      54.69
2090   10       1.59
2090   11       0.04
2090   12       0.02
