1981   01       0.18
1981   02       0.02
1981   03       0.08
1981   04       3.52
1981   05      27.51
1981   06      43.72
1981   07      38.00
1981   08      87.46
1981   09      76.62
1981   10      82.46
1981   11      21.58
1981   12       0.63
1982   01       0.02
1982   02       0.02
1982   03       1.10
1982   04       6.01
1982   05      32.68
1982   06      34.46
1982   07      26.41
1982   08      30.19
1982   09      60.80
1982   10      79.05
1982   11      20.99
1982   12       2.15
1983   01       0.05
1983   02       0.02
1983   03       0.02
1983   04       0.26
1983   05      11.88
1983   06      57.04
1983   07      65.83
1983   08      37.06
1983   09      16.52
1983   10      40.18
1983   11       2.98
1983   12       0.23
1984   01       0.53
1984   02       0.04
1984   03       0.04
1984   04       2.16
1984   05      13.50
1984   06      67.97
1984   07      76.37
1984   08      63.58
1984   09      61.42
1984   10      60.02
1984   11      19.92
1984   12       2.50
1985   01       0.10
1985   02       0.02
1985   03       0.03
1985   04       4.83
1985   05      16.61
1985   06      42.24
1985   07      43.21
1985   08      67.22
1985   09      82.04
1985   10      68.49
1985   11      16.03
1985   12       2.14
1986   01       0.88
1986   02       0.05
1986   03       0.07
1986   04       1.66
1986   05      18.37
1986   06      33.28
1986   07      52.21
1986   08      47.09
1986   09      56.88
1986   10      71.66
1986   11      36.56
1986   12       9.81
1987   01       0.28
1987   02       0.14
1987   03       0.05
1987   04       3.94
1987   05       1.27
1987   06       8.37
1987   07      57.95
1987   08      84.91
1987   09      63.18
1987   10      61.84
1987   11      32.52
1987   12       1.04
1988   01       0.06
1988   02       0.06
1988   03       0.56
1988   04       1.97
1988   05      21.59
1988   06      49.56
1988   07      60.69
1988   08      33.85
1988   09      52.48
1988   10      80.27
1988   11      18.73
1988   12       0.96
1989   01       0.31
1989   02       0.03
1989   03       0.03
1989   04       2.23
1989   05       7.01
1989   06      40.85
1989   07      73.26
1989   08      56.16
1989   09      90.28
1989   10     125.56
1989   11      31.19
1989   12       1.02
1990   01       0.06
1990   02       0.03
1990   03       0.12
1990   04       0.06
1990   05       5.89
1990   06      30.68
1990   07      62.11
1990   08      70.53
1990   09      68.97
1990   10      53.39
1990   11      21.03
1990   12       0.68
1991   01       1.50
1991   02       0.31
1991   03       0.51
1991   04      16.30
1991   05      56.22
1991   06      89.52
1991   07      67.79
1991   08      51.65
1991   09      83.14
1991   10      81.31
1991   11      39.15
1991   12       2.57
1992   01       0.05
1992   02       0.02
1992   03       0.16
1992   04       5.04
1992   05      15.05
1992   06      41.51
1992   07      44.17
1992   08      54.67
1992   09      33.70
1992   10      64.64
1992   11      32.26
1992   12       5.41
1993   01       0.17
1993   02       0.02
1993   03       0.05
1993   04       0.93
1993   05      11.01
1993   06      35.28
1993   07      60.06
1993   08      43.44
1993   09     103.80
1993   10      55.45
1993   11      15.29
1993   12       1.59
1994   01       0.33
1994   02       0.02
1994   03       0.10
1994   04       2.78
1994   05      21.85
1994   06      33.64
1994   07      59.74
1994   08      35.29
1994   09      76.08
1994   10     105.17
1994   11      50.18
1994   12       3.28
1995   01       0.07
1995   02       0.02
1995   03       0.03
1995   04       4.24
1995   05      23.51
1995   06      54.09
1995   07      58.97
1995   08      68.10
1995   09      95.48
1995   10      77.34
1995   11      30.80
1995   12       3.02
1996   01       0.07
1996   02       0.03
1996   03       0.52
1996   04       1.73
1996   05      15.21
1996   06      58.86
1996   07      93.23
1996   08      53.93
1996   09      64.25
1996   10      75.84
1996   11      15.83
1996   12       0.47
1997   01       0.04
1997   02       0.45
1997   03       0.06
1997   04       0.52
1997   05      23.99
1997   06      63.14
1997   07      82.85
1997   08      43.90
1997   09      68.57
1997   10      93.03
1997   11      28.17
1997   12       3.17
1998   01       1.55
1998   02       0.05
1998   03       0.11
1998   04       0.14
1998   05       9.55
1998   06      77.17
1998   07      80.17
1998   08      29.33
1998   09      64.48
1998   10     106.79
1998   11      17.11
1998   12       0.72
1999   01       0.19
1999   02       0.64
1999   03       3.47
1999   04       7.31
1999   05      28.71
1999   06      49.43
1999   07      67.18
1999   08      34.72
1999   09      56.20
1999   10      89.70
1999   11      45.65
1999   12       1.77
2000   01       0.04
2000   02       0.20
2000   03       0.06
2000   04       1.43
2000   05      22.94
2000   06      48.18
2000   07      61.13
2000   08      40.63
2000   09      92.70
2000   10     100.30
2000   11      33.95
2000   12       0.98
2001   01       0.03
2001   02       0.02
2001   03       0.02
2001   04       0.06
2001   05       9.95
2001   06      27.97
2001   07      70.44
2001   08      49.69
2001   09      80.98
2001   10      92.58
2001   11      14.59
2001   12       0.33
2002   01       0.02
2002   02       0.02
2002   03       0.06
2002   04       2.98
2002   05      33.70
2002   06      72.37
2002   07      79.42
2002   08      57.51
2002   09      75.29
2002   10      52.92
2002   11      19.39
2002   12       0.89
2003   01       0.03
2003   02       0.02
2003   03       0.59
2003   04       4.37
2003   05      21.38
2003   06      57.09
2003   07      83.26
2003   08      75.90
2003   09      71.62
2003   10     146.68
2003   11      27.25
2003   12       0.94
2004   01       0.03
2004   02       0.42
2004   03       0.93
2004   04       2.26
2004   05      19.66
2004   06      42.06
2004   07      81.45
2004   08      73.84
2004   09     123.04
2004   10      84.81
2004   11      29.03
2004   12       9.35
2005   01       0.18
2005   02       0.18
2005   03       1.59
2005   04       8.13
2005   05      49.90
2005   06      61.22
2005   07      72.84
2005   08      55.14
2005   09      74.84
2005   10      87.22
2005   11      36.85
2005   12       1.15
2006   01       0.03
2006   02       0.14
2006   03       0.36
2006   04       0.13
2006   05       3.89
2006   06      42.01
2006   07      70.62
2006   08      65.05
2006   09      30.94
2006   10      90.38
2006   11      23.78
2006   12       0.70
2007   01       0.03
2007   02       0.02
2007   03       0.02
2007   04       0.77
2007   05      18.28
2007   06      55.78
2007   07      34.79
2007   08      46.68
2007   09      80.69
2007   10      89.04
2007   11      44.12
2007   12       6.22
2008   01       1.65
2008   02       0.05
2008   03       0.04
2008   04       2.98
2008   05       8.99
2008   06      45.78
2008   07      85.76
2008   08      71.26
2008   09      92.30
2008   10     104.39
2008   11      31.81
2008   12       1.56
2009   01       0.11
2009   02       0.02
2009   03       0.24
2009   04      10.70
2009   05      65.40
2009   06      56.49
2009   07      47.65
2009   08      71.63
2009   09      76.07
2009   10     103.19
2009   11      68.99
2009   12       7.00
2010   01       0.13
2010   02       0.03
2010   03       0.59
2010   04       4.16
2010   05      49.68
2010   06      24.45
2010   07      66.85
2010   08      62.81
2010   09      70.39
2010   10     106.28
2010   11      53.56
2010   12       6.06
2011   01       0.11
2011   02       0.02
2011   03       1.33
2011   04      15.21
2011   05      27.10
2011   06      72.20
2011   07     129.96
2011   08      63.11
2011   09      61.82
2011   10      69.34
2011   11      20.67
2011   12       0.59
2012   01       0.03
2012   02       0.02
2012   03       1.28
2012   04       3.05
2012   05      33.94
2012   06      85.73
2012   07      60.92
2012   08      68.57
2012   09      47.32
2012   10      59.08
2012   11      52.11
2012   12       2.62
2013   01       0.05
2013   02       0.02
2013   03       0.57
2013   04       9.10
2013   05      62.51
2013   06      54.92
2013   07      70.61
2013   08      49.97
2013   09      31.25
2013   10      52.39
2013   11      25.96
2013   12       2.81
2014   01       0.47
2014   02       0.16
2014   03       0.22
2014   04       5.01
2014   05      46.18
2014   06      54.21
2014   07      77.81
2014   08      53.38
2014   09      78.21
2014   10      93.64
2014   11      28.56
2014   12       3.00
2015   01       0.07
2015   02       0.24
2015   03       1.49
2015   04      10.50
2015   05      23.26
2015   06      17.41
2015   07      21.10
2015   08      47.14
2015   09      63.95
2015   10      86.09
2015   11      34.06
2015   12       0.94
2016   01       0.03
2016   02       0.02
2016   03       0.23
2016   04       8.33
2016   05      23.14
2016   06      30.45
2016   07      84.77
2016   08     102.67
2016   09      85.38
2016   10     114.92
2016   11      42.33
2016   12       1.31
2017   01       0.21
2017   02       0.07
2017   03       0.03
2017   04       1.03
2017   05      17.88
2017   06      51.89
2017   07     109.43
2017   08      89.62
2017   09      65.21
2017   10     104.39
2017   11      27.67
2017   12       0.73
2018   01       0.03
2018   02       0.06
2018   03       0.92
2018   04      17.57
2018   05      43.16
2018   06      75.19
2018   07      47.72
2018   08      62.32
2018   09      55.83
2018   10      97.55
2018   11      47.43
2018   12       3.17
2019   01       0.47
2019   02       0.35
2019   03       0.31
2019   04       2.60
2019   05      42.08
2019   06      75.21
2019   07      66.56
2019   08      71.92
2019   09      54.67
2019   10      80.05
2019   11      64.19
2019   12       4.89
2020   01       0.18
2020   02       0.07
2020   03       0.04
2020   04       4.05
2020   05      39.34
2020   06      86.67
2020   07      64.22
2020   08      63.11
2020   09      55.52
2020   10      79.24
2020   11      35.69
2020   12       1.66
