2025   01       3.70
2025   02      19.56
2025   03      44.46
2025   04     143.70
2025   05     120.87
2025   06     132.74
2025   07     115.90
2025   08      58.97
2025   09       3.32
2025   10       0.06
2025   11       0.02
2025   12       0.10
2026   01       1.59
2026   02      23.08
2026   03     115.75
2026   04     132.53
2026   05     120.08
2026   06      82.00
2026   07     102.24
2026   08      13.35
2026   09       4.02
2026   10       0.15
2026   11       0.26
2026   12       1.00
2027   01       4.74
2027   02      18.24
2027   03      96.25
2027   04     150.01
2027   05     119.36
2027   06      96.95
2027   07      94.18
2027   08      44.20
2027   09       4.58
2027   10       0.58
2027   11       0.08
2027   12       0.62
2028   01      17.85
2028   02      61.46
2028   03     173.85
2028   04     110.32
2028   05      85.68
2028   06      69.04
2028   07     135.10
2028   08      53.90
2028   09       1.36
2028   10       0.07
2028   11       0.14
2028   12       2.24
2029   01      40.81
2029   02     164.83
2029   03     186.29
2029   04     112.32
2029   05      36.52
2029   06      87.52
2029   07      52.51
2029   08       6.66
2029   09       0.11
2029   10       0.03
2029   11       0.28
2029   12       8.48
2030   01      18.43
2030   02      85.70
2030   03     190.97
2030   04     141.76
2030   05     116.38
2030   06      74.10
2030   07      21.64
2030   08       2.13
2030   09       0.04
2030   10       0.04
2030   11       0.17
2030   12       5.34
2031   01      72.06
2031   02      99.95
2031   03     128.59
2031   04     129.24
2031   05     147.90
2031   06      64.77
2031   07      24.85
2031   08       1.78
2031   09       0.04
2031   10       0.02
2031   11       0.16
2031   12       2.31
2032   01      12.99
2032   02      70.97
2032   03     139.67
2032   04     152.58
2032   05     148.24
2032   06     150.00
2032   07      28.87
2032   08       2.15
2032   09       0.30
2032   10       0.03
2032   11       0.22
2032   12       7.10
2033   01      44.32
2033   02     171.68
2033   03     167.97
2033   04      91.76
2033   05      92.18
2033   06      75.60
2033   07      49.32
2033   08       3.43
2033   09       0.19
2033   10       0.12
2033   11       0.11
2033   12       6.60
2034   01      59.94
2034   02      57.03
2034   03      81.63
2034   04      72.41
2034   05     115.56
2034   06      89.64
2034   07      47.75
2034   08       0.94
2034   09       0.13
2034   10       0.63
2034   11       0.56
2034   12      14.78
2035   01      74.63
2035   02     113.55
2035   03     118.86
2035   04      71.67
2035   05     124.88
2035   06     112.98
2035   07      21.16
2035   08       0.31
2035   09       0.03
2035   10       1.01
2035   11       2.45
2035   12      40.62
2036   01     158.40
2036   02     125.28
2036   03     138.60
2036   04     159.71
2036   05     132.23
2036   06      76.71
2036   07       3.03
2036   08       0.04
2036   09       0.06
2036   10       0.84
2036   11       3.14
2036   12      59.67
2037   01      75.66
2037   02     115.50
2037   03     114.84
2037   04     107.18
2037   05     128.20
2037   06      48.55
2037   07       0.83
2037   08       0.02
2037   09       0.01
2037   10       0.03
2037   11       2.63
2037   12      23.84
2038   01      88.89
2038   02     119.20
2038   03     121.49
2038   04     124.75
2038   05      94.11
2038   06      52.32
2038   07       5.62
2038   08       2.05
2038   09       0.04
2038   10       0.56
2038   11       1.51
2038   12      21.80
2039   01      74.64
2039   02     134.27
2039   03     186.86
2039   04     151.12
2039   05     141.76
2039   06      31.12
2039   07       2.14
2039   08       0.04
2039   09       0.01
2039   10       0.02
2039   11       0.46
2039   12      31.24
2040   01     148.43
2040   02     148.58
2040   03      64.73
2040   04     137.02
2040   05      62.89
2040   06       3.07
2040   07       0.47
2040   08       0.11
2040   09       1.06
2040   10       0.36
2040   11      17.45
2040   12     115.01
2041   01     169.65
2041   02     159.85
2041   03     135.00
2041   04     128.54
2041   05     106.40
2041   06       7.99
2041   07       0.25
2041   08       0.02
2041   09       0.12
2041   10       0.65
2041   11      25.85
2041   12      87.95
2042   01     149.04
2042   02     135.81
2042   03     181.28
2042   04     150.10
2042   05      68.43
2042   06       4.30
2042   07       0.65
2042   08       0.45
2042   09       0.24
2042   10       3.82
2042   11      39.43
2042   12     112.63
2043   01     115.23
2043   02      48.33
2043   03     149.91
2043   04     154.05
2043   05      56.62
2043   06       0.99
2043   07       0.04
2043   08       0.03
2043   09       0.05
2043   10       1.31
2043   11      44.52
2043   12     155.16
2044   01     134.70
2044   02     107.33
2044   03     132.10
2044   04      95.99
2044   05      13.16
2044   06       0.61
2044   07       0.25
2044   08       0.02
2044   09       0.05
2044   10       2.41
2044   11       1.83
2044   12      26.99
2045   01     156.52
2045   02     183.80
2045   03     148.08
2045   04     137.47
2045   05      26.15
2045   06       3.01
2045   07       0.16
2045   08       0.02
2045   09       0.15
2045   10       0.92
2045   11       7.20
2045   12      77.32
2046   01     146.85
2046   02     124.58
2046   03      95.57
2046   04      43.08
2046   05      10.22
2046   06       0.54
2046   07       0.16
2046   08       0.04
2046   09       0.77
2046   10      14.86
2046   11      73.24
2046   12     134.25
2047   01     138.46
2047   02     100.34
2047   03     132.80
2047   04      72.04
2047   05      20.33
2047   06       2.28
2047   07       0.03
2047   08       0.02
2047   09       0.06
2047   10       0.76
2047   11      25.77
2047   12     123.27
2048   01     148.15
2048   02     102.51
2048   03     119.36
2048   04      38.78
2048   05       9.23
2048   06       3.23
2048   07       1.40
2048   08       0.05
2048   09       0.27
2048   10       6.06
2048   11      49.24
2048   12     143.76
2049   01     154.75
2049   02     171.91
2049   03      70.63
2049   04      26.91
2049   05       1.44
2049   06       0.07
2049   07       0.10
2049   08       0.02
2049   09       0.20
2049   10       3.59
2049   11      53.40
2049   12     142.31
2050   01      93.21
2050   02     132.78
2050   03     194.59
2050   04      77.23
2050   05       5.02
2050   06       0.24
2050   07       0.17
2050   08       0.13
2050   09      10.40
2050   10     110.76
2050   11     196.70
2050   12      99.40
2051   01      61.84
2051   02     133.90
2051   03     150.97
2051   04      31.05
2051   05       2.44
2051   06       0.05
2051   07       0.01
2051   08       0.06
2051   09       5.44
2051   10      38.56
2051   11     131.10
2051   12     217.31
2052   01     210.10
2052   02      70.27
2052   03      23.38
2052   04       7.91
2052   05       0.61
2052   06       0.92
2052   07       0.12
2052   08       0.56
2052   09       9.06
2052   10      74.13
2052   11      65.66
2052   12     164.32
2053   01     151.08
2053   02     125.98
2053   03      73.91
2053   04       9.65
2053   05       1.72
2053   06       0.03
2053   07       0.01
2053   08       0.02
2053   09       2.11
2053   10      68.35
2053   11     199.21
2053   12     130.28
2054   01     118.01
2054   02      99.36
2054   03      88.33
2054   04       2.93
2054   05       0.04
2054   06       0.03
2054   07       0.05
2054   08       1.33
2054   09       3.79
2054   10      47.70
2054   11     107.38
2054   12     113.98
2055   01     146.31
2055   02     123.79
2055   03      34.33
2055   04      11.85
2055   05       0.26
2055   06       0.02
2055   07       0.03
2055   08       3.61
2055   09      25.41
2055   10     102.92
2055   11     110.28
2055   12     124.69
2056   01     116.51
2056   02     137.71
2056   03      45.76
2056   04       1.35
2056   05       0.05
2056   06       0.02
2056   07       0.04
2056   08       2.61
2056   09      24.99
2056   10      65.69
2056   11     125.30
2056   12     180.71
2057   01     209.75
2057   02     136.01
2057   03      16.32
2057   04       0.38
2057   05       0.52
2057   06       0.03
2057   07       0.01
2057   08       0.73
2057   09      26.59
2057   10      79.57
2057   11      84.90
2057   12      74.33
2058   01     137.15
2058   02     119.72
2058   03      16.29
2058   04       1.83
2058   05       0.04
2058   06       0.00
2058   07       0.10
2058   08       2.14
2058   09      18.01
2058   10     179.30
2058   11     232.55
2058   12      86.17
2059   01     178.77
2059   02      65.71
2059   03       1.18
2059   04       0.04
2059   05       0.05
2059   06       0.01
2059   07       0.86
2059   08      11.53
2059   09      75.29
2059   10     179.73
2059   11     161.37
2059   12     109.76
2060   01     172.14
2060   02      78.79
2060   03       3.04
2060   04       1.71
2060   05       1.29
2060   06       0.07
2060   07       0.42
2060   08      12.75
2060   09      95.77
2060   10     193.59
2060   11     148.86
2060   12     142.66
2061   01     206.10
2061   02      95.64
2061   03       5.13
2061   04       0.10
2061   05       0.04
2061   06       0.02
2061   07       0.19
2061   08      17.31
2061   09     128.82
2061   10     127.69
2061   11      80.68
2061   12     138.37
2062   01      66.29
2062   02      10.74
2062   03       0.50
2062   04       0.02
2062   05       0.01
2062   06       0.02
2062   07       3.06
2062   08      21.36
2062   09      86.56
2062   10     148.43
2062   11      89.70
2062   12     128.40
2063   01     140.73
2063   02      10.65
2063   03       0.66
2063   04       0.08
2063   05       1.40
2063   06       0.83
2063   07       9.22
2063   08      63.71
2063   09     125.35
2063   10     143.93
2063   11      94.82
2063   12     219.31
2064   01     218.86
2064   02      20.50
2064   03       0.87
2064   04       0.55
2064   05       0.04
2064   06       0.01
2064   07       1.40
2064   08      35.90
2064   09     160.52
2064   10      75.89
2064   11      87.16
2064   12     140.13
2065   01      40.25
2065   02       8.39
2065   03       0.80
2065   04       0.02
2065   05       0.05
2065   06       0.02
2065   07       0.28
2065   08      13.98
2065   09     155.64
2065   10     235.99
2065   11     200.96
2065   12     110.59
2066   01      36.28
2066   02       0.61
2066   03       0.09
2066   04       0.04
2066   05       0.01
2066   06       0.04
2066   07       1.92
2066   08      54.28
2066   09     167.06
2066   10     100.28
2066   11     119.72
2066   12     123.65
2067   01      42.32
2067   02       0.73
2067   03       0.08
2067   04       0.08
2067   05       0.01
2067   06       0.00
2067   07       0.65
2067   08      26.70
2067   09     148.74
2067   10     103.77
2067   11     162.80
2067   12     216.48
2068   01      72.07
2068   02       2.39
2068   03       0.02
2068   04       0.01
2068   05       0.04
2068   06       2.20
2068   07      48.17
2068   08     114.63
2068   09     164.14
2068   10     186.27
2068   11     168.84
2068   12     117.55
2069   01      12.13
2069   02       0.18
2069   03       0.02
2069   04       0.00
2069   05       0.00
2069   06       0.03
2069   07       3.55
2069   08      50.79
2069   09      93.27
2069   10     105.65
2069   11     201.13
2069   12     187.82
2070   01       8.36
2070   02       0.10
2070   03       0.08
2070   04       0.01
2070   05       0.04
2070   06       2.79
2070   07      39.78
2070   08     163.98
2070   09      96.66
2070   10     137.83
2070   11     112.02
2070   12      40.34
2071   01       4.97
2071   02       0.03
2071   03       0.02
2071   04       0.02
2071   05       0.04
2071   06       3.11
2071   07      35.58
2071   08     147.63
2071   09      85.56
2071   10     147.87
2071   11     142.39
2071   12      64.28
2072   01       2.49
2072   02       0.02
2072   03       0.01
2072   04       0.00
2072   05       0.02
2072   06       0.75
2072   07      17.14
2072   08     155.70
2072   09      80.81
2072   10     149.09
2072   11     135.28
2072   12      31.97
2073   01       0.24
2073   02       0.05
2073   03       0.01
2073   04       0.01
2073   05       0.00
2073   06       0.02
2073   07       2.56
2073   08      73.62
2073   09     180.84
2073   10     170.63
2073   11     150.18
2073   12      36.87
2074   01       0.65
2074   02       0.02
2074   03       0.02
2074   04       0.06
2074   05       0.30
2074   06       9.74
2074   07      82.40
2074   08     168.94
2074   09     119.87
2074   10      97.05
2074   11      85.44
2074   12      13.82
2075   01       0.13
2075   02       0.10
2075   03       0.01
2075   04       0.09
2075   05       5.31
2075   06      74.28
2075   07     148.41
2075   08     120.73
2075   09      77.65
2075   10     126.66
2075   11      75.34
2075   12       2.29
2076   01       0.02
2076   02       0.01
2076   03       0.00
2076   04       0.00
2076   05       0.09
2076   06       7.23
2076   07     127.53
2076   08     166.59
2076   09     111.57
2076   10     193.75
2076   11      52.92
2076   12       0.81
2077   01       0.07
2077   02       0.01
2077   03       0.03
2077   04       0.03
2077   05       1.44
2077   06      37.67
2077   07     155.17
2077   08     180.50
2077   09     181.37
2077   10     126.84
2077   11     128.40
2077   12       9.50
2078   01       0.05
2078   02       0.01
2078   03       0.04
2078   04       0.94
2078   05      31.95
2078   06     180.26
2078   07     185.79
2078   08     113.95
2078   09     158.83
2078   10     130.05
2078   11      16.08
2078   12       0.25
2079   01       0.04
2079   02       0.01
2079   03       0.00
2079   04       0.05
2079   05       2.39
2079   06      49.59
2079   07     196.84
2079   08     116.78
2079   09     171.82
2079   10     127.21
2079   11       6.49
2079   12       1.34
2080   01       0.04
2080   02       0.00
2080   03       0.25
2080   04       0.81
2080   05      12.63
2080   06     110.67
2080   07     153.94
2080   08     107.83
2080   09      75.23
2080   10      18.47
2080   11       5.41
2080   12       0.12
2081   01       0.03
2081   02       0.00
2081   03       0.01
2081   04       0.27
2081   05      16.22
2081   06     113.22
2081   07     110.90
2081   08     107.16
2081   09      91.41
2081   10      80.90
2081   11       8.63
2081   12       1.41
2082   01       0.27
2082   02       0.11
2082   03       0.00
2082   04       0.02
2082   05       1.40
2082   06      46.49
2082   07     134.31
2082   08     135.44
2082   09     121.83
2082   10      20.69
2082   11       0.85
2082   12       0.27
2083   01       0.01
2083   02       0.00
2083   03       0.00
2083   04       0.01
2083   05       2.13
2083   06      51.92
2083   07      98.26
2083   08     153.57
2083   09     183.37
2083   10      86.70
2083   11       4.75
2083   12       0.10
2084   01       0.00
2084   02       0.00
2084   03       0.00
2084   04       0.12
2084   05      11.42
2084   06      98.42
2084   07     105.44
2084   08     103.30
2084   09     116.04
2084   10      78.88
2084   11       0.74
2084   12       0.09
2085   01       0.00
2085   02       0.00
2085   03       0.00
2085   04       0.17
2085   05      13.51
2085   06     149.65
2085   07     173.80
2085   08     120.64
2085   09      70.26
2085   10       7.02
2085   11       0.38
2085   12       0.02
2086   01       0.05
2086   02       0.15
2086   03       7.61
2086   04      95.36
2086   05     131.58
2086   06     126.55
2086   07     133.99
2086   08     142.99
2086   09     125.41
2086   10      34.29
2086   11       0.55
2086   12       0.02
2087   01       0.00
2087   02       0.00
2087   03       0.00
2087   04       0.08
2087   05       5.32
2087   06      43.63
2087   07     120.97
2087   08      82.00
2087   09      46.02
2087   10       1.04
2087   11       0.07
2087   12       0.00
2088   01       0.00
2088   02       0.00
2088   03       0.00
2088   04       0.26
2088   05      21.41
2088   06     107.25
2088   07     133.11
2088   08      65.81
2088   09      50.96
2088   10      11.01
2088   11       0.08
2088   12       0.01
2089   01       0.00
2089   02       0.00
2089   03       0.22
2089   04       9.73
2089   05     133.47
2089   06     131.91
2089   07     168.38
2089   08     226.28
2089   09     176.74
2089   10      16.58
2089   11       0.07
2089   12       0.00
2090   01       0.00
2090   02       0.00
2090   03       0.00
2090   04       0.50
2090   05      29.20
2090   06     124.59
2090   07     192.84
2090   08     145.43
2090   09      18.63
2090   10       0.29
2090   11       0.14
2090   12       0.01
