1960   01    20.59
1960   02    21.70
1960   03    23.73
1960   04    24.39
1960   05    23.60
1960   06    22.06
1960   07    21.75
1960   08    22.02
1960   09    21.90
1960   10    21.62
1960   11    19.46
1960   12    20.59
1961   01    20.47
1961   02    20.68
1961   03    23.86
1961   04    24.47
1961   05    23.52
1961   06    22.04
1961   07    22.00
1961   08    21.53
1961   09    21.40
1961   10    21.31
1961   11    19.89
1961   12    18.22
1962   01    18.93
1962   02    21.97
1962   03    23.73
1962   04    24.22
1962   05    23.24
1962   06    21.84
1962   07    22.19
1962   08    21.42
1962   09    21.27
1962   10    21.68
1962   11    21.71
1962   12    17.67
1963   01    19.87
1963   02    23.17
1963   03    23.15
1963   04    23.48
1963   05    23.06
1963   06    22.28
1963   07    22.23
1963   08    21.91
1963   09    22.13
1963   10    22.09
1963   11    19.43
1963   12    17.51
1964   01    19.78
1964   02    21.27
1964   03    24.22
1964   04    23.59
1964   05    22.74
1964   06    21.89
1964   07    21.74
1964   08    21.58
1964   09    21.09
1964   10    21.36
1964   11    20.67
1964   12    20.77
1965   01    20.83
1965   02    23.00
1965   03    23.46
1965   04    24.06
1965   05    22.62
1965   06    21.62
1965   07    21.93
1965   08    21.69
1965   09    21.38
1965   10    21.44
1965   11    18.85
1965   12    17.60
1966   01    19.04
1966   02    21.55
1966   03    24.47
1966   04    24.15
1966   05    23.57
1966   06    22.12
1966   07    22.24
1966   08    21.97
1966   09    21.62
1966   10    21.43
1966   11    20.13
1966   12    18.25
1967   01    18.71
1967   02    22.37
1967   03    23.85
1967   04    23.37
1967   05    23.06
1967   06    21.53
1967   07    21.54
1967   08    21.41
1967   09    21.45
1967   10    21.26
1967   11    19.55
1967   12    20.34
1968   01    18.68
1968   02    22.62
1968   03    24.04
1968   04    23.50
1968   05    23.31
1968   06    22.16
1968   07    22.26
1968   08    22.18
1968   09    21.49
1968   10    21.58
1968   11    20.52
1968   12    20.14
1969   01    18.60
1969   02    23.51
1969   03    24.57
1969   04    24.78
1969   05    23.94
1969   06    22.97
1969   07    22.15
1969   08    22.01
1969   09    21.74
1969   10    21.87
1969   11    18.89
1969   12    17.75
1970   01    19.59
1970   02    22.60
1970   03    24.77
1970   04    25.90
1970   05    23.09
1970   06    22.44
1970   07    21.90
1970   08    21.92
1970   09    21.31
1970   10    21.78
1970   11    20.27
1970   12    19.36
1971   01    19.08
1971   02    22.63
1971   03    24.48
1971   04    24.25
1971   05    23.16
1971   06    21.91
1971   07    21.46
1971   08    21.34
1971   09    21.22
1971   10    20.76
1971   11    19.62
1971   12    19.99
1972   01    19.21
1972   02    22.88
1972   03    23.98
1972   04    24.22
1972   05    23.56
1972   06    22.34
1972   07    22.26
1972   08    21.80
1972   09    22.09
1972   10    21.46
1972   11    18.37
1972   12    19.60
1973   01    20.86
1973   02    23.34
1973   03    24.30
1973   04    24.76
1973   05    23.41
1973   06    22.17
1973   07    22.22
1973   08    21.83
1973   09    21.19
1973   10    21.67
1973   11    18.67
1973   12    18.49
1974   01    19.71
1974   02    21.83
1974   03    24.48
1974   04    24.32
1974   05    23.29
1974   06    22.17
1974   07    21.62
1974   08    21.87
1974   09    21.13
1974   10    21.50
1974   11    19.16
1974   12    17.58
1975   01    18.63
1975   02    21.87
1975   03    23.83
1975   04    23.37
1975   05    23.14
1975   06    21.85
1975   07    21.24
1975   08    21.67
1975   09    21.51
1975   10    21.52
1975   11    20.05
1975   12    18.76
1976   01    19.74
1976   02    22.45
1976   03    23.43
1976   04    23.40
1976   05    23.06
1976   06    21.46
1976   07    21.88
1976   08    21.53
1976   09    21.58
1976   10    21.46
1976   11    20.74
1976   12    17.25
1977   01    19.21
1977   02    21.83
1977   03    24.20
1977   04    25.49
1977   05    23.88
1977   06    22.53
1977   07    22.06
1977   08    21.64
1977   09    21.65
1977   10    21.44
1977   11    19.02
1977   12    18.37
1978   01    19.62
1978   02    22.68
1978   03    24.12
1978   04    23.21
1978   05    22.83
1978   06    22.06
1978   07    21.45
1978   08    21.61
1978   09    21.26
1978   10    21.58
1978   11    19.55
1978   12    19.23
1979   01    20.16
1979   02    21.91
1979   03    25.07
1979   04    24.63
1979   05    23.01
1979   06    22.05
1979   07    21.57
1979   08    22.35
1979   09    21.48
1979   10    22.03
1979   11    21.11
1979   12    19.26
1980   01    21.17
1980   02    23.46
1980   03    25.01
1980   04    25.22
1980   05    23.69
1980   06    22.83
1980   07    22.38
1980   08    21.94
1980   09    21.92
1980   10    21.74
1980   11    20.83
1980   12    18.52
1981   01    18.78
1981   02    23.07
1981   03    24.64
1981   04    24.78
1981   05    22.85
1981   06    22.50
1981   07    21.85
1981   08    21.82
1981   09    21.35
1981   10    21.83
1981   11    19.56
1981   12    18.78
1982   01    19.28
1982   02    22.46
1982   03    23.93
1982   04    24.11
1982   05    23.21
1982   06    22.67
1982   07    22.05
1982   08    21.74
1982   09    21.63
1982   10    21.51
1982   11    19.54
1982   12    18.98
1983   01    18.28
1983   02    23.41
1983   03    24.96
1983   04    25.33
1983   05    24.09
1983   06    22.72
1983   07    22.16
1983   08    22.22
1983   09    22.22
1983   10    22.06
1983   11    21.01
1983   12    20.98
1984   01    20.15
1984   02    22.11
1984   03    24.40
1984   04    24.49
1984   05    23.32
1984   06    22.31
1984   07    21.83
1984   08    21.37
1984   09    21.58
1984   10    21.85
1984   11    21.19
1984   12    18.37
1985   01    21.25
1985   02    21.73
1985   03    25.50
1985   04    24.52
1985   05    23.23
1985   06    22.92
1985   07    21.24
1985   08    21.49
1985   09    21.27
1985   10    21.49
1985   11    20.73
1985   12    18.95
1986   01    19.48
1986   02    23.20
1986   03    24.93
1986   04    24.83
1986   05    24.24
1986   06    22.23
1986   07    21.59
1986   08    21.63
1986   09    21.44
1986   10    21.59
1986   11    19.43
1986   12    17.84
1987   01    20.66
1987   02    23.23
1987   03    24.29
1987   04    25.98
1987   05    25.13
1987   06    22.87
1987   07    22.72
1987   08    22.33
1987   09    22.37
1987   10    21.82
1987   11    20.09
1987   12    20.23
1988   01    21.15
1988   02    23.31
1988   03    26.08
1988   04    25.22
1988   05    24.88
1988   06    22.48
1988   07    22.08
1988   08    21.52
1988   09    21.95
1988   10    21.67
1988   11    19.89
1988   12    19.29
1989   01    19.08
1989   02    21.73
1989   03    23.50
1989   04    25.27
1989   05    23.95
1989   06    22.10
1989   07    22.17
1989   08    21.86
1989   09    21.04
1989   10    21.66
1989   11    19.89
1989   12    19.23
1990   01    21.22
1990   02    22.58
1990   03    23.88
1990   04    25.59
1990   05    24.13
1990   06    22.84
1990   07    22.35
1990   08    22.24
1990   09    21.89
1990   10    22.20
1990   11    22.46
1990   12    21.33
1991   01    21.04
1991   02    23.78
1991   03    24.74
1991   04    23.67
1991   05    23.05
1991   06    23.02
1991   07    22.22
1991   08    22.05
1991   09    21.93
1991   10    21.59
1991   11    20.00
1991   12    19.05
1992   01    19.93
1992   02    22.38
1992   03    24.75
1992   04    25.00
1992   05    23.44
1992   06    22.21
1992   07    21.93
1992   08    21.72
1992   09    21.67
1992   10    21.81
1992   11    19.81
1992   12    18.32
1993   01    19.34
1993   02    22.79
1993   03    23.84
1993   04    25.10
1993   05    23.79
1993   06    22.66
1993   07    22.08
1993   08    21.60
1993   09    21.63
1993   10    21.87
1993   11    22.70
1993   12    20.40
1994   01    20.73
1994   02    23.14
1994   03    25.70
1994   04    25.22
1994   05    23.82
1994   06    22.36
1994   07    22.60
1994   08    22.30
1994   09    22.35
1994   10    21.88
1994   11    19.97
1994   12    18.98
1995   01    19.81
1995   02    21.51
1995   03    25.16
1995   04    24.99
1995   05    23.34
1995   06    22.77
1995   07    22.49
1995   08    22.42
1995   09    22.31
1995   10    22.03
1995   11    19.44
1995   12    20.66
1996   01    19.66
1996   02    23.38
1996   03    25.56
1996   04    24.94
1996   05    23.65
1996   06    22.61
1996   07    22.24
1996   08    21.78
1996   09    21.77
1996   10    21.55
1996   11    18.51
1996   12    19.20
1997   01    21.33
1997   02    21.79
1997   03    24.99
1997   04    25.28
1997   05    23.24
1997   06    22.18
1997   07    22.07
1997   08    22.39
1997   09    22.21
1997   10    22.53
1997   11    20.57
1997   12    19.83
1998   01    20.37
1998   02    24.15
1998   03    25.45
1998   04    26.66
1998   05    24.48
1998   06    23.01
1998   07    22.75
1998   08    22.29
1998   09    22.06
1998   10    22.28
1998   11    20.93
1998   12    20.81
1999   01    20.82
1999   02    22.42
1999   03    25.45
1999   04    24.78
1999   05    24.05
1999   06    22.72
1999   07    22.10
1999   08    22.06
1999   09    21.60
1999   10    21.38
1999   11    20.90
1999   12    19.09
2000   01    22.22
2000   02    21.18
2000   03    24.10
2000   04    25.04
2000   05    24.05
2000   06    22.31
2000   07    22.13
2000   08    21.63
2000   09    21.58
2000   10    21.86
2000   11    20.91
2000   12    18.35
2001   01    20.26
2001   02    22.37
2001   03    25.98
2001   04    25.42
2001   05    24.10
2001   06    23.20
2001   07    22.76
2001   08    22.66
2001   09    22.14
2001   10    22.47
2001   11    21.86
2001   12    20.95
2002   01    21.25
2002   02    23.21
2002   03    27.18
2002   04    27.03
2002   05    24.65
2002   06    24.16
2002   07    23.35
2002   08    22.65
2002   09    22.69
2002   10    22.83
2002   11    22.66
2002   12    21.47
2003   01    21.96
2003   02    24.46
2003   03    25.12
2003   04    26.05
2003   05    24.84
2003   06    23.43
2003   07    22.96
2003   08    22.50
2003   09    22.15
2003   10    23.13
2003   11    21.52
2003   12    20.37
2004   01    21.45
2004   02    23.18
2004   03    25.02
2004   04    25.15
2004   05    24.14
2004   06    22.41
2004   07    22.52
2004   08    22.40
2004   09    21.88
2004   10    22.76
2004   11    22.11
2004   12    21.01
2005   01    20.85
2005   02    25.40
2005   03    26.47
2005   04    25.85
2005   05    24.48
2005   06    23.44
2005   07    22.88
2005   08    22.68
2005   09    22.49
2005   10    22.14
2005   11    22.04
2005   12    21.28
2006   01    22.52
2006   02    24.53
2006   03    27.26
2006   04    27.32
2006   05    25.33
2006   06    24.42
2006   07    23.76
2006   08    22.64
2006   09    22.59
2006   10    23.35
2006   11    20.35
2006   12    19.32
2007   01    19.99
2007   02    23.24
2007   03    25.07
2007   04    26.37
2007   05    25.54
2007   06    24.16
2007   07    23.13
2007   08    22.36
2007   09    22.37
2007   10    23.21
2007   11    23.72
2007   12    21.16
2008   01    20.21
2008   02    22.54
2008   03    24.90
2008   04    25.28
2008   05    24.10
2008   06    22.75
2008   07    22.73
2008   08    22.26
2008   09    22.21
2008   10    22.32
2008   11    20.40
2008   12    21.56
2009   01    19.63
2009   02    24.81
2009   03    26.13
2009   04    24.21
2009   05    23.75
2009   06    22.96
2009   07    22.21
2009   08    22.66
2009   09    22.12
2009   10    22.44
2009   11    21.44
2009   12    19.70
2010   01    20.25
2010   02    24.73
2010   03    26.17
2010   04    25.60
2010   05    24.89
2010   06    23.60
2010   07    22.79
2010   08    22.63
2010   09    22.32
2010   10    22.59
2010   11    21.81
2010   12    19.20
2011   01    20.64
2011   02    24.28
2011   03    24.95
2011   04    25.38
2011   05    24.19
2011   06    23.33
2011   07    22.58
2011   08    22.37
2011   09    22.33
2011   10    22.63
2011   11    21.27
2011   12    20.05
2012   01    20.38
2012   02    23.10
2012   03    25.35
2012   04    24.46
2012   05    24.74
2012   06    23.65
2012   07    22.68
2012   08    22.61
2012   09    22.48
2012   10    23.18
2012   11    24.43
2012   12    22.40
2013   01    22.62
2013   02    23.97
2013   03    26.70
2013   04    25.72
2013   05    25.05
2013   06    24.10
2013   07    22.82
2013   08    22.58
2013   09    22.59
2013   10    23.09
2013   11    23.37
2013   12    20.86
2014   01    22.02
2014   02    23.78
2014   03    26.19
2014   04    26.32
2014   05    24.94
2014   06    24.61
2014   07    23.85
2014   08    22.84
2014   09    22.69
2014   10    23.13
2014   11    23.76
2014   12    20.91
2015   01    20.48
2015   02    24.58
2015   03    25.28
2015   04    25.99
2015   05    26.57
2015   06    24.74
2015   07    23.73
2015   08    22.99
2015   09    23.07
2015   10    23.60
2015   11    21.98
2015   12    19.99
2016   01    20.86
2016   02    22.84
2016   03    26.42
2016   04    26.86
2016   05    25.91
2016   06    24.22
2016   07    23.67
2016   08    23.64
2016   09    23.19
2016   10    23.43
2016   11    22.56
2016   12    21.90
2017   01    22.15
2017   02    24.63
2017   03    26.81
2017   04    26.93
2017   05    25.08
2017   06    24.11
2017   07    23.53
2017   08    23.54
2017   09    23.31
2017   10    23.09
2017   11    20.42
2017   12    19.94
2018   01    20.61
2018   02    24.30
2018   03    25.81
2018   04    26.43
2018   05    25.41
2018   06    24.08
2018   07    23.01
2018   08    22.58
2018   09    22.68
2018   10    23.39
2018   11    23.27
2018   12    20.87
2019   01    22.41
2019   02    24.19
2019   03    26.35
2019   04    27.04
2019   05    26.27
2019   06    24.74
2019   07    23.39
2019   08    23.17
2019   09    23.09
2019   10    22.89
2019   11    23.23
2019   12    20.71
2020   01    21.79
2020   02    22.52
2020   03    27.48
2020   04    26.68
2020   05    26.09
2020   06    24.51
2020   07    22.96
2020   08    22.94
2020   09    22.77
2020   10    22.71
2020   11    21.97
2020   12    22.07
