1960   01    27.79
1960   02    29.71
1960   03    30.25
1960   04    29.97
1960   05    28.97
1960   06    26.32
1960   07    25.69
1960   08    25.97
1960   09    26.07
1960   10    27.11
1960   11    27.44
1960   12    27.12
1961   01    27.79
1961   02    28.57
1961   03    30.83
1961   04    29.68
1961   05    28.45
1961   06    26.41
1961   07    25.17
1961   08    25.10
1961   09    25.65
1961   10    27.37
1961   11    27.84
1961   12    26.65
1962   01    27.05
1962   02    29.49
1962   03    30.26
1962   04    29.76
1962   05    28.23
1962   06    25.84
1962   07    25.67
1962   08    24.77
1962   09    25.36
1962   10    26.78
1962   11    27.57
1962   12    26.23
1963   01    27.89
1963   02    29.92
1963   03    29.38
1963   04    28.59
1963   05    27.65
1963   06    26.79
1963   07    26.11
1963   08    25.70
1963   09    26.54
1963   10    26.94
1963   11    26.74
1963   12    26.50
1964   01    27.41
1964   02    29.42
1964   03    30.49
1964   04    28.78
1964   05    28.10
1964   06    26.51
1964   07    25.64
1964   08    25.13
1964   09    25.31
1964   10    26.74
1964   11    27.49
1964   12    27.59
1965   01    27.56
1965   02    29.81
1965   03    30.25
1965   04    29.70
1965   05    27.29
1965   06    25.74
1965   07    25.84
1965   08    25.51
1965   09    25.58
1965   10    26.88
1965   11    26.81
1965   12    26.11
1966   01    27.51
1966   02    29.36
1966   03    31.00
1966   04    29.68
1966   05    28.66
1966   06    26.39
1966   07    26.29
1966   08    25.66
1966   09    25.75
1966   10    26.82
1966   11    27.45
1966   12    26.70
1967   01    26.67
1967   02    29.77
1967   03    29.92
1967   04    28.95
1967   05    28.20
1967   06    25.88
1967   07    25.35
1967   08    24.80
1967   09    25.55
1967   10    26.72
1967   11    27.14
1967   12    27.22
1968   01    26.48
1968   02    29.47
1968   03    30.01
1968   04    28.64
1968   05    28.65
1968   06    26.37
1968   07    26.04
1968   08    26.09
1968   09    25.73
1968   10    27.13
1968   11    27.03
1968   12    27.80
1969   01    27.22
1969   02    30.84
1969   03    30.81
1969   04    30.00
1969   05    28.96
1969   06    27.47
1969   07    26.02
1969   08    25.48
1969   09    25.78
1969   10    26.73
1969   11    25.93
1969   12    26.56
1970   01    27.88
1970   02    29.95
1970   03    31.31
1970   04    31.56
1970   05    27.90
1970   06    27.27
1970   07    25.89
1970   08    25.16
1970   09    25.30
1970   10    27.48
1970   11    27.80
1970   12    26.91
1971   01    26.90
1971   02    29.41
1971   03    30.28
1971   04    29.58
1971   05    27.86
1971   06    26.55
1971   07    25.41
1971   08    25.00
1971   09    25.66
1971   10    26.98
1971   11    27.58
1971   12    26.96
1972   01    27.32
1972   02    30.14
1972   03    30.23
1972   04    29.52
1972   05    28.39
1972   06    26.61
1972   07    26.25
1972   08    25.84
1972   09    26.43
1972   10    26.83
1972   11    26.55
1972   12    27.03
1973   01    28.50
1973   02    30.92
1973   03    30.99
1973   04    30.75
1973   05    29.18
1973   06    27.15
1973   07    26.37
1973   08    25.78
1973   09    25.66
1973   10    27.34
1973   11    27.11
1973   12    27.04
1974   01    26.77
1974   02    29.29
1974   03    30.97
1974   04    29.91
1974   05    28.67
1974   06    26.83
1974   07    25.63
1974   08    25.60
1974   09    25.65
1974   10    26.86
1974   11    26.62
1974   12    25.84
1975   01    26.47
1975   02    29.14
1975   03    30.41
1975   04    28.79
1975   05    28.23
1975   06    26.75
1975   07    25.10
1975   08    25.61
1975   09    25.58
1975   10    26.92
1975   11    27.55
1975   12    26.96
1976   01    27.30
1976   02    29.02
1976   03    30.40
1976   04    29.53
1976   05    28.06
1976   06    25.89
1976   07    25.75
1976   08    25.37
1976   09    26.19
1976   10    25.97
1976   11    26.75
1976   12    25.66
1977   01    27.46
1977   02    29.43
1977   03    30.92
1977   04    31.63
1977   05    28.73
1977   06    26.64
1977   07    25.89
1977   08    25.30
1977   09    25.82
1977   10    26.79
1977   11    27.30
1977   12    25.65
1978   01    27.51
1978   02    30.19
1978   03    30.07
1978   04    28.22
1978   05    27.59
1978   06    26.57
1978   07    25.32
1978   08    25.65
1978   09    25.94
1978   10    26.76
1978   11    26.54
1978   12    26.97
1979   01    28.16
1979   02    29.98
1979   03    31.30
1979   04    30.11
1979   05    27.81
1979   06    26.34
1979   07    25.59
1979   08    26.19
1979   09    26.13
1979   10    27.16
1979   11    27.91
1979   12    26.91
1980   01    28.69
1980   02    30.46
1980   03    31.66
1980   04    31.42
1980   05    28.85
1980   06    27.25
1980   07    26.68
1980   08    25.69
1980   09    26.42
1980   10    26.78
1980   11    27.15
1980   12    26.05
1981   01    26.96
1981   02    30.55
1981   03    31.25
1981   04    30.70
1981   05    27.90
1981   06    27.73
1981   07    25.54
1981   08    25.62
1981   09    26.23
1981   10    27.37
1981   11    27.30
1981   12    27.49
1982   01    27.33
1982   02    29.17
1982   03    30.07
1982   04    29.47
1982   05    28.02
1982   06    27.11
1982   07    26.44
1982   08    25.57
1982   09    26.39
1982   10    26.52
1982   11    26.80
1982   12    26.67
1983   01    25.48
1983   02    30.70
1983   03    32.01
1983   04    31.03
1983   05    28.84
1983   06    26.84
1983   07    26.03
1983   08    26.10
1983   09    26.49
1983   10    28.12
1983   11    28.47
1983   12    27.92
1984   01    27.59
1984   02    29.59
1984   03    30.64
1984   04    29.79
1984   05    28.52
1984   06    26.87
1984   07    26.14
1984   08    26.13
1984   09    25.97
1984   10    26.92
1984   11    28.06
1984   12    26.07
1985   01    28.48
1985   02    29.10
1985   03    31.11
1985   04    29.45
1985   05    28.45
1985   06    27.31
1985   07    25.19
1985   08    25.32
1985   09    25.64
1985   10    27.24
1985   11    27.95
1985   12    26.07
1986   01    27.30
1986   02    30.41
1986   03    31.12
1986   04    30.56
1986   05    29.78
1986   06    26.82
1986   07    25.44
1986   08    25.51
1986   09    25.64
1986   10    26.60
1986   11    26.09
1986   12    25.43
1987   01    28.42
1987   02    30.62
1987   03    30.85
1987   04    32.19
1987   05    30.53
1987   06    27.39
1987   07    26.70
1987   08    26.22
1987   09    26.66
1987   10    27.09
1987   11    27.86
1987   12    27.51
1988   01    27.99
1988   02    30.57
1988   03    32.15
1988   04    30.84
1988   05    29.89
1988   06    26.52
1988   07    25.55
1988   08    25.03
1988   09    26.13
1988   10    27.21
1988   11    27.62
1988   12    26.58
1989   01    26.62
1989   02    29.04
1989   03    29.96
1989   04    31.33
1989   05    29.70
1989   06    26.45
1989   07    25.99
1989   08    25.50
1989   09    25.75
1989   10    26.74
1989   11    27.64
1989   12    26.99
1990   01    28.45
1990   02    29.80
1990   03    31.68
1990   04    31.22
1990   05    29.39
1990   06    27.50
1990   07    25.76
1990   08    26.17
1990   09    26.36
1990   10    27.40
1990   11    29.06
1990   12    28.40
1991   01    28.59
1991   02    31.09
1991   03    30.55
1991   04    28.93
1991   05    27.46
1991   06    27.40
1991   07    26.04
1991   08    25.81
1991   09    26.59
1991   10    26.74
1991   11    27.17
1991   12    26.61
1992   01    26.94
1992   02    30.01
1992   03    31.38
1992   04    30.98
1992   05    28.36
1992   06    26.78
1992   07    25.77
1992   08    25.65
1992   09    26.25
1992   10    27.22
1992   11    26.63
1992   12    26.77
1993   01    26.77
1993   02    30.20
1993   03    30.50
1993   04    31.30
1993   05    29.03
1993   06    27.46
1993   07    26.26
1993   08    26.04
1993   09    26.25
1993   10    27.25
1993   11    29.22
1993   12    27.73
1994   01    28.00
1994   02    30.33
1994   03    32.40
1994   04    31.02
1994   05    29.15
1994   06    26.87
1994   07    26.47
1994   08    26.26
1994   09    26.58
1994   10    26.94
1994   11    27.46
1994   12    26.89
1995   01    27.40
1995   02    29.54
1995   03    31.60
1995   04    30.73
1995   05    28.84
1995   06    27.75
1995   07    26.62
1995   08    26.25
1995   09    27.00
1995   10    27.36
1995   11    27.17
1995   12    27.96
1996   01    28.38
1996   02    30.78
1996   03    32.23
1996   04    30.82
1996   05    29.09
1996   06    27.32
1996   07    26.58
1996   08    25.94
1996   09    26.21
1996   10    27.00
1996   11    26.99
1996   12    27.73
1997   01    28.77
1997   02    29.19
1997   03    31.54
1997   04    30.47
1997   05    28.21
1997   06    26.73
1997   07    26.15
1997   08    26.78
1997   09    26.84
1997   10    27.91
1997   11    28.13
1997   12    27.64
1998   01    28.14
1998   02    31.56
1998   03    32.68
1998   04    32.62
1998   05    29.93
1998   06    27.53
1998   07    26.97
1998   08    26.09
1998   09    26.38
1998   10    27.64
1998   11    28.79
1998   12    28.41
1999   01    28.52
1999   02    29.62
1999   03    32.12
1999   04    30.66
1999   05    29.61
1999   06    27.85
1999   07    26.27
1999   08    26.09
1999   09    26.28
1999   10    26.73
1999   11    28.31
1999   12    27.39
2000   01    29.29
2000   02    28.75
2000   03    31.20
2000   04    31.04
2000   05    29.73
2000   06    26.94
2000   07    26.31
2000   08    25.78
2000   09    26.24
2000   10    27.24
2000   11    28.25
2000   12    26.78
2001   01    28.25
2001   02    29.98
2001   03    32.77
2001   04    31.15
2001   05    29.05
2001   06    27.86
2001   07    26.59
2001   08    26.11
2001   09    26.55
2001   10    28.15
2001   11    29.09
2001   12    28.93
2002   01    28.23
2002   02    30.64
2002   03    32.48
2002   04    31.71
2002   05    29.77
2002   06    28.65
2002   07    27.29
2002   08    26.42
2002   09    26.94
2002   10    27.98
2002   11    29.32
2002   12    28.63
2003   01    29.31
2003   02    31.58
2003   03    31.96
2003   04    30.50
2003   05    30.12
2003   06    27.55
2003   07    26.88
2003   08    26.35
2003   09    26.47
2003   10    28.24
2003   11    28.67
2003   12    28.11
2004   01    28.59
2004   02    30.19
2004   03    31.34
2004   04    30.28
2004   05    28.69
2004   06    26.72
2004   07    26.27
2004   08    26.24
2004   09    26.32
2004   10    28.07
2004   11    28.38
2004   12    28.64
2005   01    27.46
2005   02    31.81
2005   03    32.22
2005   04    31.03
2005   05    29.25
2005   06    27.45
2005   07    26.50
2005   08    26.11
2005   09    26.88
2005   10    27.35
2005   11    28.96
2005   12    28.82
2006   01    29.60
2006   02    31.30
2006   03    33.17
2006   04    32.80
2006   05    29.57
2006   06    28.50
2006   07    27.55
2006   08    26.61
2006   09    26.53
2006   10    27.86
2006   11    27.97
2006   12    27.48
2007   01    27.54
2007   02    30.82
2007   03    32.00
2007   04    30.68
2007   05    29.37
2007   06    27.99
2007   07    27.00
2007   08    25.91
2007   09    26.66
2007   10    28.01
2007   11    29.35
2007   12    28.33
2008   01    26.71
2008   02    30.18
2008   03    31.34
2008   04    31.28
2008   05    29.65
2008   06    26.99
2008   07    26.63
2008   08    25.92
2008   09    26.48
2008   10    27.70
2008   11    28.44
2008   12    28.88
2009   01    27.62
2009   02    31.74
2009   03    32.42
2009   04    29.24
2009   05    28.90
2009   06    27.63
2009   07    26.34
2009   08    26.39
2009   09    26.68
2009   10    27.21
2009   11    28.00
2009   12    28.28
2010   01    29.03
2010   02    31.78
2010   03    32.45
2010   04    30.94
2010   05    29.53
2010   06    27.83
2010   07    26.41
2010   08    26.63
2010   09    26.33
2010   10    27.52
2010   11    28.47
2010   12    27.67
2011   01    28.24
2011   02    31.01
2011   03    30.97
2011   04    31.49
2011   05    29.56
2011   06    28.09
2011   07    26.77
2011   08    26.22
2011   09    26.81
2011   10    27.86
2011   11    28.89
2011   12    27.95
2012   01    28.20
2012   02    30.08
2012   03    31.82
2012   04    29.86
2012   05    29.15
2012   06    27.64
2012   07    26.24
2012   08    25.74
2012   09    25.81
2012   10    27.11
2012   11    29.76
2012   12    29.24
2013   01    29.67
2013   02    31.08
2013   03    29.90
2013   04    29.77
2013   05    29.20
2013   06    27.82
2013   07    26.49
2013   08    25.90
2013   09    26.71
2013   10    27.96
2013   11    29.43
2013   12    28.18
2014   01    29.34
2014   02    30.75
2014   03    32.04
2014   04    30.99
2014   05    29.52
2014   06    28.69
2014   07    27.34
2014   08    26.22
2014   09    26.62
2014   10    28.16
2014   11    28.48
2014   12    28.52
2015   01    28.06
2015   02    31.26
2015   03    31.28
2015   04    32.02
2015   05    31.04
2015   06    29.72
2015   07    27.57
2015   08    26.52
2015   09    27.11
2015   10    28.17
2015   11    29.09
2015   12    27.31
2016   01    28.39
2016   02    30.65
2016   03    32.00
2016   04    31.75
2016   05    30.67
2016   06    28.50
2016   07    27.20
2016   08    26.84
2016   09    27.01
2016   10    28.25
2016   11    29.33
2016   12    29.31
2017   01    29.38
2017   02    31.36
2017   03    33.36
2017   04    32.28
2017   05    29.60
2017   06    28.05
2017   07    26.72
2017   08    26.69
2017   09    27.16
2017   10    28.42
2017   11    28.35
2017   12    27.78
2018   01    27.83
2018   02    30.66
2018   03    31.33
2018   04    31.54
2018   05    29.73
2018   06    27.80
2018   07    26.03
2018   08    25.31
2018   09    25.90
2018   10    27.20
2018   11    28.54
2018   12    27.74
2019   01    29.09
2019   02    30.86
2019   03    32.42
2019   04    32.24
2019   05    31.04
2019   06    28.73
2019   07    26.56
2019   08    25.98
2019   09    26.49
2019   10    26.13
2019   11    28.23
2019   12    27.72
2020   01    28.42
2020   02    29.97
2020   03    32.85
2020   04    31.81
2020   05    30.47
2020   06    28.35
2020   07    25.75
2020   08    25.89
2020   09    25.82
2020   10    26.95
2020   11    28.04
2020   12    28.49
