1960   01    34.98
1960   02    37.73
1960   03    36.78
1960   04    35.54
1960   05    34.35
1960   06    30.57
1960   07    29.62
1960   08    29.92
1960   09    30.24
1960   10    32.60
1960   11    35.42
1960   12    33.65
1961   01    35.11
1961   02    36.47
1961   03    37.80
1961   04    34.90
1961   05    33.37
1961   06    30.78
1961   07    28.35
1961   08    28.68
1961   09    29.91
1961   10    33.44
1961   11    35.79
1961   12    35.08
1962   01    35.18
1962   02    37.02
1962   03    36.79
1962   04    35.30
1962   05    33.22
1962   06    29.83
1962   07    29.16
1962   08    28.12
1962   09    29.46
1962   10    31.88
1962   11    33.44
1962   12    34.80
1963   01    35.92
1963   02    36.68
1963   03    35.61
1963   04    33.70
1963   05    32.24
1963   06    31.30
1963   07    29.98
1963   08    29.50
1963   09    30.95
1963   10    31.80
1963   11    34.06
1963   12    35.48
1964   01    35.04
1964   02    37.57
1964   03    36.77
1964   04    33.97
1964   05    33.46
1964   06    31.14
1964   07    29.54
1964   08    28.68
1964   09    29.54
1964   10    32.12
1964   11    34.31
1964   12    34.41
1965   01    34.29
1965   02    36.61
1965   03    37.04
1965   04    35.33
1965   05    31.97
1965   06    29.86
1965   07    29.76
1965   08    29.33
1965   09    29.78
1965   10    32.32
1965   11    34.76
1965   12    34.63
1966   01    35.99
1966   02    37.16
1966   03    37.54
1966   04    35.22
1966   05    33.75
1966   06    30.67
1966   07    30.35
1966   08    29.34
1966   09    29.87
1966   10    32.22
1966   11    34.76
1966   12    35.15
1967   01    34.62
1967   02    37.16
1967   03    35.99
1967   04    34.54
1967   05    33.34
1967   06    30.23
1967   07    29.17
1967   08    28.19
1967   09    29.65
1967   10    32.18
1967   11    34.73
1967   12    34.11
1968   01    34.28
1968   02    36.31
1968   03    35.99
1968   04    33.77
1968   05    33.98
1968   06    30.58
1968   07    29.82
1968   08    30.00
1968   09    29.96
1968   10    32.69
1968   11    33.54
1968   12    35.47
1969   01    35.85
1969   02    38.17
1969   03    37.05
1969   04    35.23
1969   05    33.98
1969   06    31.97
1969   07    29.89
1969   08    28.95
1969   09    29.81
1969   10    31.58
1969   11    32.97
1969   12    35.37
1970   01    36.17
1970   02    37.31
1970   03    37.86
1970   04    37.22
1970   05    32.70
1970   06    32.10
1970   07    29.88
1970   08    28.40
1970   09    29.30
1970   10    33.17
1970   11    35.32
1970   12    34.45
1971   01    34.71
1971   02    36.18
1971   03    36.07
1971   04    34.91
1971   05    32.55
1971   06    31.18
1971   07    29.37
1971   08    28.65
1971   09    30.10
1971   10    33.21
1971   11    35.55
1971   12    33.94
1972   01    35.43
1972   02    37.41
1972   03    36.49
1972   04    34.81
1972   05    33.22
1972   06    30.87
1972   07    30.23
1972   08    29.87
1972   09    30.76
1972   10    32.21
1972   11    34.73
1972   12    34.46
1973   01    36.15
1973   02    38.50
1973   03    37.67
1973   04    36.74
1973   05    34.95
1973   06    32.13
1973   07    30.52
1973   08    29.72
1973   09    30.13
1973   10    33.00
1973   11    35.55
1973   12    35.58
1974   01    33.82
1974   02    36.75
1974   03    37.46
1974   04    35.50
1974   05    34.05
1974   06    31.48
1974   07    29.64
1974   08    29.32
1974   09    30.17
1974   10    32.22
1974   11    34.08
1974   12    34.10
1975   01    34.32
1975   02    36.41
1975   03    36.98
1975   04    34.22
1975   05    33.32
1975   06    31.65
1975   07    28.95
1975   08    29.55
1975   09    29.65
1975   10    32.33
1975   11    35.06
1975   12    35.17
1976   01    34.85
1976   02    35.59
1976   03    37.37
1976   04    35.67
1976   05    33.06
1976   06    30.32
1976   07    29.61
1976   08    29.22
1976   09    30.80
1976   10    30.47
1976   11    32.75
1976   12    34.08
1977   01    35.71
1977   02    37.03
1977   03    37.65
1977   04    37.77
1977   05    33.57
1977   06    30.76
1977   07    29.71
1977   08    28.96
1977   09    29.98
1977   10    32.14
1977   11    35.58
1977   12    32.92
1978   01    35.41
1978   02    37.71
1978   03    36.02
1978   04    33.22
1978   05    32.36
1978   06    31.07
1978   07    29.18
1978   08    29.70
1978   09    30.62
1978   10    31.94
1978   11    33.53
1978   12    34.72
1979   01    36.15
1979   02    38.05
1979   03    37.53
1979   04    35.60
1979   05    32.62
1979   06    30.62
1979   07    29.61
1979   08    30.03
1979   09    30.77
1979   10    32.29
1979   11    34.71
1979   12    34.57
1980   01    36.22
1980   02    37.46
1980   03    38.32
1980   04    37.61
1980   05    34.01
1980   06    31.67
1980   07    30.97
1980   08    29.44
1980   09    30.91
1980   10    31.82
1980   11    33.47
1980   12    33.57
1981   01    35.13
1981   02    38.02
1981   03    37.86
1981   04    36.61
1981   05    32.94
1981   06    32.96
1981   07    29.23
1981   08    29.43
1981   09    31.12
1981   10    32.91
1981   11    35.05
1981   12    36.19
1982   01    35.38
1982   02    35.88
1982   03    36.22
1982   04    34.83
1982   05    32.84
1982   06    31.56
1982   07    30.83
1982   08    29.39
1982   09    31.15
1982   10    31.54
1982   11    34.07
1982   12    34.36
1983   01    32.68
1983   02    37.98
1983   03    39.05
1983   04    36.74
1983   05    33.60
1983   06    30.95
1983   07    29.91
1983   08    29.99
1983   09    30.75
1983   10    34.17
1983   11    35.92
1983   12    34.86
1984   01    35.04
1984   02    37.07
1984   03    36.87
1984   04    35.08
1984   05    33.71
1984   06    31.42
1984   07    30.45
1984   08    30.89
1984   09    30.37
1984   10    32.00
1984   11    34.93
1984   12    33.77
1985   01    35.72
1985   02    36.46
1985   03    36.71
1985   04    34.38
1985   05    33.67
1985   06    31.70
1985   07    29.14
1985   08    29.14
1985   09    30.00
1985   10    32.98
1985   11    35.18
1985   12    33.19
1986   01    35.13
1986   02    37.62
1986   03    37.31
1986   04    36.30
1986   05    35.33
1986   06    31.40
1986   07    29.28
1986   08    29.40
1986   09    29.83
1986   10    31.62
1986   11    32.74
1986   12    33.01
1987   01    36.18
1987   02    38.00
1987   03    37.40
1987   04    38.39
1987   05    35.94
1987   06    31.92
1987   07    30.67
1987   08    30.11
1987   09    30.95
1987   10    32.35
1987   11    35.63
1987   12    34.79
1988   01    34.83
1988   02    37.83
1988   03    38.22
1988   04    36.46
1988   05    34.90
1988   06    30.56
1988   07    29.02
1988   08    28.54
1988   09    30.32
1988   10    32.76
1988   11    35.35
1988   12    33.87
1989   01    34.17
1989   02    36.35
1989   03    36.43
1989   04    37.38
1989   05    35.45
1989   06    30.80
1989   07    29.81
1989   08    29.13
1989   09    30.45
1989   10    31.81
1989   11    35.40
1989   12    34.75
1990   01    35.67
1990   02    37.02
1990   03    39.49
1990   04    36.86
1990   05    34.65
1990   06    32.15
1990   07    29.18
1990   08    30.09
1990   09    30.83
1990   10    32.59
1990   11    35.66
1990   12    35.46
1991   01    36.14
1991   02    38.40
1991   03    36.35
1991   04    34.18
1991   05    31.86
1991   06    31.77
1991   07    29.86
1991   08    29.56
1991   09    31.24
1991   10    31.89
1991   11    34.33
1991   12    34.17
1992   01    33.95
1992   02    37.65
1992   03    38.01
1992   04    36.97
1992   05    33.28
1992   06    31.35
1992   07    29.61
1992   08    29.57
1992   09    30.83
1992   10    32.62
1992   11    33.45
1992   12    35.21
1993   01    34.21
1993   02    37.61
1993   03    37.16
1993   04    37.50
1993   05    34.26
1993   06    32.25
1993   07    30.45
1993   08    30.48
1993   09    30.87
1993   10    32.64
1993   11    35.74
1993   12    35.05
1994   01    35.26
1994   02    37.52
1994   03    39.11
1994   04    36.82
1994   05    34.47
1994   06    31.38
1994   07    30.34
1994   08    30.22
1994   09    30.81
1994   10    32.00
1994   11    34.94
1994   12    34.80
1995   01    35.00
1995   02    37.56
1995   03    38.04
1995   04    36.47
1995   05    34.34
1995   06    32.73
1995   07    30.75
1995   08    30.07
1995   09    31.69
1995   10    32.69
1995   11    34.89
1995   12    35.26
1996   01    37.10
1996   02    38.17
1996   03    38.91
1996   04    36.69
1996   05    34.53
1996   06    32.02
1996   07    30.93
1996   08    30.09
1996   09    30.66
1996   10    32.45
1996   11    35.48
1996   12    36.26
1997   01    36.21
1997   02    36.60
1997   03    38.08
1997   04    35.66
1997   05    33.19
1997   06    31.28
1997   07    30.22
1997   08    31.17
1997   09    31.46
1997   10    33.30
1997   11    35.69
1997   12    35.46
1998   01    35.91
1998   02    38.98
1998   03    39.91
1998   04    38.57
1998   05    35.38
1998   06    32.05
1998   07    31.18
1998   08    29.90
1998   09    30.70
1998   10    33.00
1998   11    36.64
1998   12    36.01
1999   01    36.23
1999   02    36.82
1999   03    38.78
1999   04    36.54
1999   05    35.17
1999   06    32.97
1999   07    30.44
1999   08    30.11
1999   09    30.95
1999   10    32.07
1999   11    35.73
1999   12    35.70
2000   01    36.35
2000   02    36.31
2000   03    38.30
2000   04    37.03
2000   05    35.40
2000   06    31.58
2000   07    30.49
2000   08    29.94
2000   09    30.91
2000   10    32.62
2000   11    35.59
2000   12    35.21
2001   01    36.23
2001   02    37.58
2001   03    39.57
2001   04    36.88
2001   05    34.00
2001   06    32.53
2001   07    30.42
2001   08    29.56
2001   09    30.96
2001   10    33.84
2001   11    36.32
2001   12    36.91
2002   01    35.20
2002   02    38.07
2002   03    37.77
2002   04    36.39
2002   05    34.88
2002   06    33.13
2002   07    31.24
2002   08    30.19
2002   09    31.20
2002   10    33.12
2002   11    35.97
2002   12    35.79
2003   01    36.66
2003   02    38.70
2003   03    38.81
2003   04    34.95
2003   05    35.39
2003   06    31.67
2003   07    30.79
2003   08    30.19
2003   09    30.80
2003   10    33.35
2003   11    35.83
2003   12    35.85
2004   01    35.72
2004   02    37.20
2004   03    37.65
2004   04    35.41
2004   05    33.24
2004   06    31.03
2004   07    30.01
2004   08    30.08
2004   09    30.75
2004   10    33.38
2004   11    34.65
2004   12    36.26
2005   01    34.07
2005   02    38.22
2005   03    37.97
2005   04    36.22
2005   05    34.03
2005   06    31.46
2005   07    30.11
2005   08    29.54
2005   09    31.27
2005   10    32.56
2005   11    35.88
2005   12    36.35
2006   01    36.67
2006   02    38.07
2006   03    39.08
2006   04    38.28
2006   05    33.80
2006   06    32.58
2006   07    31.34
2006   08    30.58
2006   09    30.47
2006   10    32.38
2006   11    35.58
2006   12    35.64
2007   01    35.09
2007   02    38.41
2007   03    38.94
2007   04    35.00
2007   05    33.20
2007   06    31.82
2007   07    30.88
2007   08    29.45
2007   09    30.95
2007   10    32.81
2007   11    34.99
2007   12    35.51
2008   01    33.22
2008   02    37.83
2008   03    37.77
2008   04    37.28
2008   05    35.21
2008   06    31.23
2008   07    30.53
2008   08    29.58
2008   09    30.75
2008   10    33.09
2008   11    36.48
2008   12    36.19
2009   01    35.61
2009   02    38.67
2009   03    38.72
2009   04    34.27
2009   05    34.04
2009   06    32.30
2009   07    30.48
2009   08    30.11
2009   09    31.25
2009   10    31.99
2009   11    34.56
2009   12    36.86
2010   01    37.82
2010   02    38.83
2010   03    38.73
2010   04    36.29
2010   05    34.17
2010   06    32.06
2010   07    30.03
2010   08    30.63
2010   09    30.34
2010   10    32.45
2010   11    35.13
2010   12    36.14
2011   01    35.84
2011   02    37.74
2011   03    37.00
2011   04    37.60
2011   05    34.92
2011   06    32.86
2011   07    30.96
2011   08    30.06
2011   09    31.30
2011   10    33.09
2011   11    36.51
2011   12    35.85
2012   01    36.02
2012   02    37.05
2012   03    38.28
2012   04    35.25
2012   05    33.55
2012   06    31.63
2012   07    29.80
2012   08    28.88
2012   09    29.14
2012   10    31.04
2012   11    35.09
2012   12    36.07
2013   01    36.73
2013   02    38.19
2013   03    33.10
2013   04    33.83
2013   05    33.35
2013   06    31.54
2013   07    30.16
2013   08    29.23
2013   09    30.85
2013   10    32.83
2013   11    35.49
2013   12    35.51
2014   01    36.65
2014   02    37.73
2014   03    37.88
2014   04    35.66
2014   05    34.09
2014   06    32.77
2014   07    30.83
2014   08    29.60
2014   09    30.55
2014   10    33.19
2014   11    33.21
2014   12    36.13
2015   01    35.65
2015   02    37.95
2015   03    37.27
2015   04    38.05
2015   05    35.51
2015   06    34.69
2015   07    31.42
2015   08    30.05
2015   09    31.15
2015   10    32.75
2015   11    36.21
2015   12    34.63
2016   01    35.93
2016   02    38.47
2016   03    37.59
2016   04    36.65
2016   05    35.43
2016   06    32.78
2016   07    30.74
2016   08    30.04
2016   09    30.83
2016   10    33.06
2016   11    36.11
2016   12    36.72
2017   01    36.62
2017   02    38.10
2017   03    39.91
2017   04    37.64
2017   05    34.12
2017   06    32.00
2017   07    29.91
2017   08    29.84
2017   09    31.01
2017   10    33.75
2017   11    36.27
2017   12    35.63
2018   01    35.05
2018   02    37.01
2018   03    36.84
2018   04    36.65
2018   05    34.05
2018   06    31.52
2018   07    29.04
2018   08    28.04
2018   09    29.11
2018   10    31.01
2018   11    33.82
2018   12    34.60
2019   01    35.78
2019   02    37.52
2019   03    38.49
2019   04    37.44
2019   05    35.81
2019   06    32.73
2019   07    29.73
2019   08    28.79
2019   09    29.90
2019   10    29.37
2019   11    33.23
2019   12    34.73
2020   01    35.06
2020   02    37.42
2020   03    38.22
2020   04    36.93
2020   05    34.85
2020   06    32.18
2020   07    28.54
2020   08    28.84
2020   09    28.86
2020   10    31.19
2020   11    34.11
2020   12    34.90
