1960   01     3.80
1960   02     0.00
1960   03    45.30
1960   04   109.20
1960   05    55.00
1960   06   231.10
1960   07   211.20
1960   08   125.70
1960   09   226.50
1960   10   124.20
1960   11     0.00
1960   12    64.70
1961   01     0.00
1961   02     0.00
1961   03    15.00
1961   04   108.50
1961   05    94.00
1961   06   216.70
1961   07   283.70
1961   08    70.60
1961   09   264.50
1961   10    47.50
1961   11     0.00
1961   12     0.00
1962   01     0.00
1962   02     0.00
1962   03    53.80
1962   04    68.00
1962   05   177.80
1962   06   226.80
1962   07   157.10
1962   08   322.30
1962   09   272.60
1962   10   141.90
1962   11    43.80
1962   12     6.90
1963   01     0.00
1963   02    55.20
1963   03    41.20
1963   04   127.30
1963   05   209.90
1963   06   156.60
1963   07   229.80
1963   08   217.20
1963   09   274.40
1963   10   268.90
1963   11     1.80
1963   12     0.00
1964   01     0.00
1964   02     0.00
1964   03    78.20
1964   04   110.80
1964   05   158.50
1964   06    78.40
1964   07    94.20
1964   08    85.80
1964   09   274.70
1964   10    26.90
1964   11    10.40
1964   12     4.90
1965   01    43.60
1965   02     4.60
1965   03    55.90
1965   04    93.30
1965   05   239.10
1965   06   331.80
1965   07   137.00
1965   08   175.20
1965   09   186.60
1965   10   149.00
1965   11     0.00
1965   12     0.00
1966   01     0.00
1966   02     0.00
1966   03    40.20
1966   04   120.90
1966   05    73.20
1966   06   168.20
1966   07   117.70
1966   08   300.90
1966   09   293.00
1966   10   137.60
1966   11     0.00
1966   12     0.00
1967   01     0.00
1967   02     7.70
1967   03    61.20
1967   04   131.50
1967   05   141.20
1967   06   147.20
1967   07   192.90
1967   08   269.50
1967   09   219.70
1967   10   109.00
1967   11     3.60
1967   12    23.20
1968   01     0.00
1968   02    15.50
1968   03    91.90
1968   04    38.40
1968   05    64.80
1968   06   235.90
1968   07   204.20
1968   08   267.60
1968   09   218.40
1968   10   138.70
1968   11    18.30
1968   12     0.00
1969   01     0.00
1969   02     0.50
1969   03   119.60
1969   04    64.60
1969   05   144.40
1969   06   152.40
1969   07   324.00
1969   08   292.00
1969   09   349.90
1969   10   143.70
1969   11    68.40
1969   12     0.00
1970   01     1.00
1970   02     0.00
1970   03     2.80
1970   04    38.10
1970   05   242.30
1970   06   129.60
1970   07   209.40
1970   08   223.20
1970   09   566.70
1970   10    37.40
1970   11     0.00
1970   12     0.00
1971   01     0.00
1971   02    28.70
1971   03   212.70
1971   04    32.10
1971   05   178.40
1971   06   172.80
1971   07   147.80
1971   08   453.50
1971   09   232.40
1971   10     8.00
1971   11     0.00
1971   12    51.30
1972   01     0.00
1972   02     0.00
1972   03    80.70
1972   04    87.40
1972   05   273.50
1972   06   152.90
1972   07   253.60
1972   08   203.60
1972   09   128.30
1972   10   159.90
1972   11     0.00
1972   12     7.20
1973   01     0.00
1973   02     0.00
1973   03    49.50
1973   04    64.10
1973   05    68.60
1973   06   104.20
1973   07   157.00
1973   08   216.90
1973   09   275.40
1973   10    59.70
1973   11     1.30
1973   12     0.00
1974   01     0.00
1974   02     0.00
1974   03    62.40
1974   04    65.80
1974   05   151.50
1974   06   239.20
1974   07   205.70
1974   08   294.80
1974   09   257.40
1974   10   142.30
1974   11     0.00
1974   12     0.00
1975   01     0.00
1975   02    12.50
1975   03    83.60
1975   04   120.00
1975   05    74.80
1975   06   100.90
1975   07   348.40
1975   08    38.90
1975   09   297.50
1975   10    41.60
1975   11     2.30
1975   12     0.00
1976   01     5.60
1976   02    34.50
1976   03     1.80
1976   04    61.70
1976   05    73.80
1976   06   270.40
1976   07   180.40
1976   08   182.60
1976   09   193.70
1976   10   270.30
1976   11    28.70
1976   12     0.00
1977   01     0.00
1977   02     0.00
1977   03     1.50
1977   04    83.60
1977   05   192.70
1977   06   119.90
1977   07   105.40
1977   08   256.00
1977   09   289.10
1977   10    89.90
1977   11     0.00
1977   12   106.70
1978   01     0.00
1978   02     9.90
1978   03    70.90
1978   04   115.10
1978   05   180.30
1978   06   148.70
1978   07   229.80
1978   08   240.50
1978   09   215.90
1978   10   118.40
1978   11     1.30
1978   12     1.00
1979   01     0.00
1979   02     0.00
1979   03    65.80
1979   04   115.40
1979   05   125.80
1979   06   233.40
1979   07   204.10
1979   08   237.10
1979   09   221.00
1979   10    51.80
1979   11    15.30
1979   12     0.00
1980   01     6.80
1980   02     0.00
1980   03    38.60
1980   04    48.90
1980   05   110.90
1980   06    83.70
1980   07   178.20
1980   08   187.40
1980   09   187.30
1980   10   144.60
1980   11     5.80
1980   12     0.00
1981   01     0.00
1981   02     0.00
1981   03    36.50
1981   04   104.70
1981   05   148.90
1981   06   153.20
1981   07   304.00
1981   08   262.00
1981   09   228.40
1981   10    81.80
1981   11     0.00
1981   12     0.00
1982   01     0.00
1982   02    36.80
1982   03    79.60
1982   04   131.80
1982   05   103.80
1982   06    61.50
1982   07   111.10
1982   08   181.50
1982   09   260.20
1982   10    73.80
1982   11     0.00
1982   12     0.00
1983   01     0.00
1983   02     0.00
1983   03    69.40
1983   04    72.60
1983   05   134.10
1983   06   159.40
1983   07   134.60
1983   08    74.40
1983   09   139.10
1983   10     3.10
1983   11     0.00
1983   12    46.00
1984   01     0.00
1984   02     0.00
1984   03    40.60
1984   04    72.00
1984   05   146.40
1984   06   181.60
1984   07   180.90
1984   08   235.60
1984   09   176.30
1984   10    78.60
1984   11     7.80
1984   12     0.00
1985   01     0.00
1985   02     0.00
1985   03    97.50
1985   04    64.90
1985   05    85.60
1985   06   161.30
1985   07   232.50
1985   08   271.40
1985   09   198.90
1985   10    90.20
1985   11    28.40
1985   12     0.00
1986   01     0.00
1986   02     0.40
1986   03    26.10
1986   04    68.50
1986   05    50.00
1986   06   196.60
1986   07   220.20
1986   08   177.20
1986   09   235.50
1986   10   147.30
1986   11    15.50
1986   12     0.00
1987   01     1.20
1987   02     0.00
1987   03    48.40
1987   04     8.10
1987   05   101.50
1987   06   126.30
1987   07   234.40
1987   08   216.80
1987   09   181.80
1987   10    96.10
1987   11     0.00
1987   12     0.20
1988   01     0.00
1988   02     9.10
1988   03     7.00
1988   04    53.30
1988   05   120.80
1988   06   162.80
1988   07   145.60
1988   08   247.60
1988   09   192.90
1988   10   107.60
1988   11     3.90
1988   12     0.20
1989   01     0.10
1989   02     0.00
1989   03   201.40
1989   04    13.90
1989   05    85.00
1989   06   229.20
1989   07   240.80
1989   08   303.00
1989   09   518.30
1989   10   120.40
1989   11     0.00
1989   12     0.00
1990   01     0.20
1990   02     0.70
1990   03     0.00
1990   04    40.90
1990   05    47.30
1990   06   179.50
1990   07   197.10
1990   08   174.80
1990   09   183.60
1990   10    91.60
1990   11     0.00
1990   12    23.80
1991   01     0.00
1991   02     0.30
1991   03   162.50
1991   04    87.60
1991   05   194.30
1991   06   196.40
1991   07   187.60
1991   08   299.70
1991   09   202.00
1991   10   157.20
1991   11     0.00
1991   12     0.00
1992   01     0.00
1992   02     0.00
1992   03    36.70
1992   04    61.10
1992   05   103.20
1992   06   120.80
1992   07   206.30
1992   08    67.50
1992   09   227.60
1992   10    74.60
1992   11    19.80
1992   12     0.10
1993   01     0.00
1993   02     0.00
1993   03    23.90
1993   04   104.30
1993   05   142.20
1993   06   139.00
1993   07   141.50
1993   08   346.70
1993   09   184.50
1993   10    74.10
1993   11     5.60
1993   12     0.00
1994   01     0.00
1994   02     0.00
1994   03    10.20
1994   04    45.20
1994   05   135.40
1994   06   146.40
1994   07   124.10
1994   08   195.20
1994   09   345.20
1994   10   135.50
1994   11     0.50
1994   12     0.00
1995   01     0.00
1995   02     0.00
1995   03    67.80
1995   04    53.60
1995   05   151.60
1995   06   101.80
1995   07   183.50
1995   08   394.20
1995   09   190.20
1995   10   131.50
1995   11     5.60
1995   12     0.00
1996   01     0.00
1996   02     3.30
1996   03     1.50
1996   04    60.80
1996   05    87.60
1996   06   287.60
1996   07   124.10
1996   08   227.00
1996   09   251.70
1996   10    72.10
1996   11     0.00
1996   12     0.00
1997   01    23.40
1997   02     0.00
1997   03    13.80
1997   04   134.40
1997   05   156.30
1997   06   201.40
1997   07   157.80
1997   08   151.10
1997   09   313.90
1997   10   104.90
1997   11    45.60
1997   12     0.00
1998   01     0.00
1998   02     1.20
1998   03     0.10
1998   04    86.20
1998   05   177.10
1998   06   238.20
1998   07    62.70
1998   08   212.80
1998   09   355.00
1998   10    38.90
1998   11     0.00
1998   12     1.40
1999   01    45.60
1999   02    16.80
1999   03    10.00
1999   04    62.80
1999   05    83.20
1999   06   157.70
1999   07   116.10
1999   08   174.70
1999   09   205.50
1999   10   196.80
1999   11     0.00
1999   12     0.00
2000   01     5.60
2000   02     0.00
2000   03    14.50
2000   04   105.20
2000   05   101.20
2000   06   139.40
2000   07   125.20
2000   08   376.30
2000   09   299.60
2000   10    95.40
2000   11     0.00
2000   12     0.00
2001   01     0.00
2001   02     0.00
2001   03     0.00
2001   04    59.20
2001   05   144.70
2001   06   151.40
2001   07   130.20
2001   08   254.60
2001   09   276.60
2001   10    35.90
2001   11     0.00
2001   12     0.00
2002   01     0.00
2002   02     0.00
2002   03    53.80
2002   04    90.90
2002   05   105.80
2002   06   156.20
2002   07   222.80
2002   08   212.20
2002   09   160.70
2002   10    62.40
2002   11     2.60
2002   12     0.00
2003   01     0.00
2003   02    17.70
2003   03    33.10
2003   04   120.40
2003   05    73.50
2003   06   201.40
2003   07   249.50
2003   08   197.40
2003   09   613.50
2003   10    98.30
2003   11     2.40
2003   12     0.00
2004   01    30.00
2004   02     0.20
2004   03    49.80
2004   04   134.60
2004   05   116.10
2004   06   193.90
2004   07   245.30
2004   08   395.40
2004   09   284.20
2004   10    32.30
2004   11    51.50
2004   12     0.00
2005   01     5.70
2005   02    28.10
2005   03    19.40
2005   04   142.00
2005   05   129.40
2005   06   219.60
2005   07   246.10
2005   08   114.70
2005   09   300.00
2005   10   120.00
2005   11     0.00
2005   12     0.00
2006   01     1.20
2006   02     7.10
2006   03     2.10
2006   04    94.80
2006   05   164.90
2006   06   140.60
2006   07   143.50
2006   08    71.10
2006   09   233.50
2006   10    68.30
2006   11     0.00
2006   12     0.10
2007   01     0.00
2007   02     0.00
2007   03    50.70
2007   04   158.30
2007   05    96.30
2007   06   118.20
2007   07   125.00
2007   08   237.10
2007   09   247.40
2007   10   113.90
2007   11     0.40
2007   12    10.80
2008   01     0.00
2008   02     0.00
2008   03    74.00
2008   04    18.20
2008   05   147.50
2008   06   233.40
2008   07   212.20
2008   08   276.90
2008   09   298.00
2008   10   140.00
2008   11     3.10
2008   12     0.00
2009   01     0.00
2009   02     2.50
2009   03    49.60
2009   04   221.60
2009   05   120.70
2009   06   143.90
2009   07   241.70
2009   08   215.40
2009   09   265.20
2009   10   228.70
2009   11     1.30
2009   12     0.00
2010   01     0.00
2010   02    15.50
2010   03    19.30
2010   04   205.00
2010   05    43.00
2010   06   219.20
2010   07   180.80
2010   08   300.60
2010   09   290.50
2010   10   157.40
2010   11     0.30
2010   12     0.00
2011   01     0.00
2011   02    31.30
2011   03    99.20
2011   04    28.40
2011   05   162.90
2011   06   318.20
2011   07   226.70
2011   08   251.40
2011   09   186.10
2011   10    79.50
2011   11     0.00
2011   12     0.00
2012   01     0.00
2012   02    42.00
2012   03    25.00
2012   04   125.00
2012   05   171.60
2012   06   149.40
2012   07   275.30
2012   08   152.80
2012   09   161.90
2012   10   162.40
2012   11     0.00
2012   12     0.00
2013   01     0.00
2013   02    48.70
2013   03    53.00
2013   04   177.40
2013   05    54.20
2013   06   196.80
2013   07   168.60
2013   08   103.90
2013   09   113.50
2013   10    91.20
2013   11     7.00
2013   12     0.00
2014   01    13.00
2014   02     0.00
2014   03    49.90
2014   04    93.60
2014   05    94.20
2014   06   187.90
2014   07   191.00
2014   08   238.80
2014   09   298.70
2014   10    76.40
2014   11     8.25
2014   12     0.00
2015   01     8.40
2015   02    37.20
2015   03    55.20
2015   04    30.90
2015   05    66.00
2015   06    33.10
2015   07   132.10
2015   08   258.60
2015   09   141.40
2015   10   153.40
2015   11     0.00
2015   12     0.00
2016   01     0.00
2016   02    64.30
2016   03    21.40
2016   04    60.40
2016   05    62.60
2016   06   226.00
2016   07   291.30
2016   08   217.10
2016   09   315.90
2016   10   130.30
2016   11     0.00
2016   12     2.00
2017   01     0.00
2017   02     0.30
2017   03     3.00
2017   04    67.30
2017   05   115.00
2017   06   195.10
2017   07   302.30
2017   08   191.10
2017   09   203.20
2017   10   127.30
2017   11     0.00
2017   12     0.00
2018   01     0.18
2018   02    10.36
2018   03    43.40
2018   04    69.89
2018   05    94.72
2018   06   130.57
2018   07   216.36
2018   08   198.19
2018   09   285.88
2018   10   140.49
2018   11     3.39
2018   12     1.69
2019   01     0.64
2019   02     3.73
2019   03    18.81
2019   04    78.61
2019   05   117.38
2019   06   126.67
2019   07   207.22
2019   08   139.34
2019   09   230.70
2019   10   204.43
2019   11     4.98
2019   12     0.43
2020   01     0.15
2020   02     0.00
2020   03    34.53
2020   04   102.79
2020   05   103.39
2020   06   162.79
2020   07   276.55
2020   08   141.29
2020   09   253.58
2020   10   131.03
2020   11     2.45
2020   12     0.06
